MapDate,FIPS,County,State,None,D0,D1,D2,D3,D4,ValidStart,ValidEnd,StatisticFormatID
20241231,48271,Kinney County,TX,0.00,100.00,100.00,35.45,0.00,0.00,2024-12-31,2025-01-06,1
20241224,48271,Kinney County,TX,0.00,100.00,100.00,35.45,0.00,0.00,2024-12-24,2024-12-30,1
20241217,48271,Kinney County,TX,0.00,100.00,100.00,35.45,0.00,0.00,2024-12-17,2024-12-23,1
20241210,48271,Kinney County,TX,0.00,100.00,100.00,35.45,0.00,0.00,2024-12-10,2024-12-16,1
20241203,48271,Kinney County,TX,0.00,100.00,100.00,35.45,0.00,0.00,2024-12-03,2024-12-09,1
20241126,48271,Kinney County,TX,0.00,100.00,100.00,35.45,0.00,0.00,2024-11-26,2024-12-02,1
20241119,48271,Kinney County,TX,0.00,100.00,100.00,0.00,0.00,0.00,2024-11-19,2024-11-25,1
20241112,48271,Kinney County,TX,0.00,100.00,100.00,0.00,0.00,0.00,2024-11-12,2024-11-18,1
20241105,48271,Kinney County,TX,0.00,100.00,100.00,0.00,0.00,0.00,2024-11-05,2024-11-11,1
20241029,48271,Kinney County,TX,0.00,100.00,100.00,0.00,0.00,0.00,2024-10-29,2024-11-04,1
20241022,48271,Kinney County,TX,0.00,100.00,100.00,0.00,0.00,0.00,2024-10-22,2024-10-28,1
20241015,48271,Kinney County,TX,0.00,100.00,100.00,0.00,0.00,0.00,2024-10-15,2024-10-21,1
20241008,48271,Kinney County,TX,0.00,100.00,100.00,0.00,0.00,0.00,2024-10-08,2024-10-14,1
20241001,48271,Kinney County,TX,0.00,100.00,88.84,0.00,0.00,0.00,2024-10-01,2024-10-07,1
20240924,48271,Kinney County,TX,0.00,100.00,88.84,0.00,0.00,0.00,2024-09-24,2024-09-30,1
20240917,48271,Kinney County,TX,0.00,100.00,88.84,0.00,0.00,0.00,2024-09-17,2024-09-23,1
20240910,48271,Kinney County,TX,0.00,100.00,88.84,0.00,0.00,0.00,2024-09-10,2024-09-16,1
20240903,48271,Kinney County,TX,0.00,100.00,88.84,0.00,0.00,0.00,2024-09-03,2024-09-09,1
20240827,48271,Kinney County,TX,0.00,100.00,100.00,72.34,0.00,0.00,2024-08-27,2024-09-02,1
20240820,48271,Kinney County,TX,0.00,100.00,100.00,72.34,0.00,0.00,2024-08-20,2024-08-26,1
20240813,48271,Kinney County,TX,0.00,100.00,100.00,72.34,0.00,0.00,2024-08-13,2024-08-19,1
20240806,48271,Kinney County,TX,0.00,100.00,100.00,72.34,0.00,0.00,2024-08-06,2024-08-12,1
20240730,48271,Kinney County,TX,0.00,100.00,100.00,72.34,0.00,0.00,2024-07-30,2024-08-05,1
20240723,48271,Kinney County,TX,0.00,100.00,100.00,100.00,0.00,0.00,2024-07-23,2024-07-29,1
20240716,48271,Kinney County,TX,0.00,100.00,100.00,100.00,86.88,0.00,2024-07-16,2024-07-22,1
20240709,48271,Kinney County,TX,0.00,100.00,100.00,100.00,86.88,0.00,2024-07-09,2024-07-15,1
20240702,48271,Kinney County,TX,0.00,100.00,100.00,100.00,86.88,0.00,2024-07-02,2024-07-08,1
20240625,48271,Kinney County,TX,0.00,100.00,100.00,100.00,86.88,0.00,2024-06-25,2024-07-01,1
20240618,48271,Kinney County,TX,0.00,100.00,100.00,100.00,86.88,0.00,2024-06-18,2024-06-24,1
20240611,48271,Kinney County,TX,0.00,100.00,100.00,100.00,86.88,0.00,2024-06-11,2024-06-17,1
20240604,48271,Kinney County,TX,0.00,100.00,100.00,100.00,86.82,0.00,2024-06-04,2024-06-10,1
20240528,48271,Kinney County,TX,0.00,100.00,100.00,100.00,0.00,0.00,2024-05-28,2024-06-03,1
20240521,48271,Kinney County,TX,0.00,100.00,100.00,100.00,0.00,0.00,2024-05-21,2024-05-27,1
20240514,48271,Kinney County,TX,0.00,100.00,100.00,100.00,0.00,0.00,2024-05-14,2024-05-20,1
20240507,48271,Kinney County,TX,0.00,100.00,100.00,100.00,0.00,0.00,2024-05-07,2024-05-13,1
20240430,48271,Kinney County,TX,0.00,100.00,100.00,100.00,0.00,0.00,2024-04-30,2024-05-06,1
20240423,48271,Kinney County,TX,0.00,100.00,100.00,100.00,0.00,0.00,2024-04-23,2024-04-29,1
20240416,48271,Kinney County,TX,0.00,100.00,100.00,100.00,0.00,0.00,2024-04-16,2024-04-22,1
20240409,48271,Kinney County,TX,0.00,100.00,100.00,84.34,0.00,0.00,2024-04-09,2024-04-15,1
20240402,48271,Kinney County,TX,0.00,100.00,100.00,84.34,0.00,0.00,2024-04-02,2024-04-08,1
20240326,48271,Kinney County,TX,0.00,100.00,100.00,84.34,0.00,0.00,2024-03-26,2024-04-01,1
20240319,48271,Kinney County,TX,0.00,100.00,100.00,84.34,0.00,0.00,2024-03-19,2024-03-25,1
20240312,48271,Kinney County,TX,0.00,100.00,100.00,84.34,0.00,0.00,2024-03-12,2024-03-18,1
20240305,48271,Kinney County,TX,0.00,100.00,100.00,0.00,0.00,0.00,2024-03-05,2024-03-11,1
20240227,48271,Kinney County,TX,0.00,100.00,100.00,0.00,0.00,0.00,2024-02-27,2024-03-04,1
20240220,48271,Kinney County,TX,0.00,100.00,100.00,0.00,0.00,0.00,2024-02-20,2024-02-26,1
20240213,48271,Kinney County,TX,0.00,100.00,100.00,0.00,0.00,0.00,2024-02-13,2024-02-19,1
20240206,48271,Kinney County,TX,0.00,100.00,97.31,0.00,0.00,0.00,2024-02-06,2024-02-12,1
20240130,48271,Kinney County,TX,0.00,100.00,97.31,0.00,0.00,0.00,2024-01-30,2024-02-05,1
20240123,48271,Kinney County,TX,0.00,100.00,97.31,0.00,0.00,0.00,2024-01-23,2024-01-29,1
20240116,48271,Kinney County,TX,0.00,100.00,97.31,0.00,0.00,0.00,2024-01-16,2024-01-22,1
20240109,48271,Kinney County,TX,0.01,99.99,97.31,0.00,0.00,0.00,2024-01-09,2024-01-15,1
20240102,48271,Kinney County,TX,0.01,99.99,97.31,0.00,0.00,0.00,2024-01-02,2024-01-08,1
20231226,48271,Kinney County,TX,0.01,99.99,97.31,0.00,0.00,0.00,2023-12-26,2024-01-01,1
20231219,48271,Kinney County,TX,0.03,99.97,97.31,0.00,0.00,0.00,2023-12-19,2023-12-25,1
20231212,48271,Kinney County,TX,0.03,99.97,97.49,0.00,0.00,0.00,2023-12-12,2023-12-18,1
20231205,48271,Kinney County,TX,0.03,99.97,97.49,0.00,0.00,0.00,2023-12-05,2023-12-11,1
20231128,48271,Kinney County,TX,0.03,99.97,97.40,0.00,0.00,0.00,2023-11-28,2023-12-04,1
20231121,48271,Kinney County,TX,0.03,99.97,97.29,0.00,0.00,0.00,2023-11-21,2023-11-27,1
20231114,48271,Kinney County,TX,0.03,99.97,97.29,0.00,0.00,0.00,2023-11-14,2023-11-20,1
20231107,48271,Kinney County,TX,0.00,100.00,100.00,0.00,0.00,0.00,2023-11-07,2023-11-13,1
20231031,48271,Kinney County,TX,0.00,100.00,100.00,0.00,0.00,0.00,2023-10-31,2023-11-06,1
20231024,48271,Kinney County,TX,0.00,100.00,94.39,0.00,0.00,0.00,2023-10-24,2023-10-30,1
20231017,48271,Kinney County,TX,3.64,96.36,27.64,0.00,0.00,0.00,2023-10-17,2023-10-23,1
20231010,48271,Kinney County,TX,3.64,96.36,27.64,0.00,0.00,0.00,2023-10-10,2023-10-16,1
20231003,48271,Kinney County,TX,4.05,95.95,28.08,0.00,0.00,0.00,2023-10-03,2023-10-09,1
20230926,48271,Kinney County,TX,4.05,95.95,28.08,0.00,0.00,0.00,2023-09-26,2023-10-02,1
20230919,48271,Kinney County,TX,4.05,95.95,28.08,0.00,0.00,0.00,2023-09-19,2023-09-25,1
20230912,48271,Kinney County,TX,3.23,96.77,28.08,0.00,0.00,0.00,2023-09-12,2023-09-18,1
20230905,48271,Kinney County,TX,3.23,96.77,28.08,0.00,0.00,0.00,2023-09-05,2023-09-11,1
20230829,48271,Kinney County,TX,0.11,99.89,5.35,0.48,0.00,0.00,2023-08-29,2023-09-04,1
20230822,48271,Kinney County,TX,0.00,100.00,83.27,0.56,0.00,0.00,2023-08-22,2023-08-28,1
20230815,48271,Kinney County,TX,0.00,100.00,34.83,0.00,0.00,0.00,2023-08-15,2023-08-21,1
20230808,48271,Kinney County,TX,0.00,100.00,35.04,0.00,0.00,0.00,2023-08-08,2023-08-14,1
20230801,48271,Kinney County,TX,0.00,100.00,4.15,0.00,0.00,0.00,2023-08-01,2023-08-07,1
20230725,48271,Kinney County,TX,0.00,100.00,4.15,0.00,0.00,0.00,2023-07-25,2023-07-31,1
20230718,48271,Kinney County,TX,0.00,100.00,4.15,0.00,0.00,0.00,2023-07-18,2023-07-24,1
20230711,48271,Kinney County,TX,0.00,100.00,0.07,0.00,0.00,0.00,2023-07-11,2023-07-17,1
20230704,48271,Kinney County,TX,0.00,100.00,0.25,0.00,0.00,0.00,2023-07-04,2023-07-10,1
20230627,48271,Kinney County,TX,0.00,100.00,0.25,0.00,0.00,0.00,2023-06-27,2023-07-03,1
20230620,48271,Kinney County,TX,0.00,100.00,0.16,0.00,0.00,0.00,2023-06-20,2023-06-26,1
20230613,48271,Kinney County,TX,0.00,100.00,0.16,0.00,0.00,0.00,2023-06-13,2023-06-19,1
20230606,48271,Kinney County,TX,0.00,100.00,0.16,0.00,0.00,0.00,2023-06-06,2023-06-12,1
20230530,48271,Kinney County,TX,0.00,100.00,0.24,0.00,0.00,0.00,2023-05-30,2023-06-05,1
20230523,48271,Kinney County,TX,0.00,100.00,36.17,0.00,0.00,0.00,2023-05-23,2023-05-29,1
20230516,48271,Kinney County,TX,0.00,100.00,100.00,0.00,0.00,0.00,2023-05-16,2023-05-22,1
20230509,48271,Kinney County,TX,0.00,100.00,100.00,98.51,0.00,0.00,2023-05-09,2023-05-15,1
20230502,48271,Kinney County,TX,0.00,100.00,100.00,98.51,0.00,0.00,2023-05-02,2023-05-08,1
20230425,48271,Kinney County,TX,0.00,100.00,100.00,98.48,0.00,0.00,2023-04-25,2023-05-01,1
20230418,48271,Kinney County,TX,0.00,100.00,100.00,100.00,0.00,0.00,2023-04-18,2023-04-24,1
20230411,48271,Kinney County,TX,0.00,100.00,100.00,100.00,0.00,0.00,2023-04-11,2023-04-17,1
20230404,48271,Kinney County,TX,0.00,100.00,100.00,100.00,0.00,0.00,2023-04-04,2023-04-10,1
20230328,48271,Kinney County,TX,0.00,100.00,100.00,100.00,0.00,0.00,2023-03-28,2023-04-03,1
20230321,48271,Kinney County,TX,0.00,100.00,100.00,100.00,0.00,0.00,2023-03-21,2023-03-27,1
20230314,48271,Kinney County,TX,0.00,100.00,100.00,100.00,0.00,0.00,2023-03-14,2023-03-20,1
20230307,48271,Kinney County,TX,0.00,100.00,100.00,90.68,0.00,0.00,2023-03-07,2023-03-13,1
20230228,48271,Kinney County,TX,0.00,100.00,100.00,89.37,0.00,0.00,2023-02-28,2023-03-06,1
20230221,48271,Kinney County,TX,0.00,100.00,100.00,85.87,0.00,0.00,2023-02-21,2023-02-27,1
20230214,48271,Kinney County,TX,0.00,100.00,100.00,85.87,0.00,0.00,2023-02-14,2023-02-20,1
20230207,48271,Kinney County,TX,0.00,100.00,100.00,85.87,0.00,0.00,2023-02-07,2023-02-13,1
20230131,48271,Kinney County,TX,0.00,100.00,100.00,85.87,0.00,0.00,2023-01-31,2023-02-06,1
20230124,48271,Kinney County,TX,0.00,100.00,99.87,83.91,0.00,0.00,2023-01-24,2023-01-30,1
20230117,48271,Kinney County,TX,0.00,100.00,99.87,83.91,0.00,0.00,2023-01-17,2023-01-23,1
20230110,48271,Kinney County,TX,0.00,100.00,99.87,83.91,0.00,0.00,2023-01-10,2023-01-16,1
20230103,48271,Kinney County,TX,0.00,100.00,99.87,83.91,0.00,0.00,2023-01-03,2023-01-09,1
20221227,48271,Kinney County,TX,0.00,100.00,99.87,83.91,0.00,0.00,2022-12-27,2023-01-02,1
20221220,48271,Kinney County,TX,0.00,100.00,99.87,83.91,0.00,0.00,2022-12-20,2022-12-26,1
20221213,48271,Kinney County,TX,0.00,100.00,99.87,83.91,0.00,0.00,2022-12-13,2022-12-19,1
20221206,48271,Kinney County,TX,0.00,100.00,99.87,83.91,0.00,0.00,2022-12-06,2022-12-12,1
20221129,48271,Kinney County,TX,0.00,100.00,99.87,83.91,0.00,0.00,2022-11-29,2022-12-05,1
20221122,48271,Kinney County,TX,0.00,100.00,99.86,83.91,0.00,0.00,2022-11-22,2022-11-28,1
20221115,48271,Kinney County,TX,0.00,100.00,99.86,83.91,0.00,0.00,2022-11-15,2022-11-21,1
20221108,48271,Kinney County,TX,0.00,100.00,99.86,83.91,0.00,0.00,2022-11-08,2022-11-14,1
20221101,48271,Kinney County,TX,0.00,100.00,99.86,88.53,0.00,0.00,2022-11-01,2022-11-07,1
20221025,48271,Kinney County,TX,0.00,100.00,99.86,88.53,0.00,0.00,2022-10-25,2022-10-31,1
20221018,48271,Kinney County,TX,0.00,100.00,99.86,88.53,0.00,0.00,2022-10-18,2022-10-24,1
20221011,48271,Kinney County,TX,0.00,100.00,99.86,91.13,0.00,0.00,2022-10-11,2022-10-17,1
20221004,48271,Kinney County,TX,0.00,100.00,99.86,91.13,0.00,0.00,2022-10-04,2022-10-10,1
20220927,48271,Kinney County,TX,0.00,100.00,99.90,91.13,0.00,0.00,2022-09-27,2022-10-03,1
20220920,48271,Kinney County,TX,0.00,100.00,99.90,91.13,0.00,0.00,2022-09-20,2022-09-26,1
20220913,48271,Kinney County,TX,0.00,100.00,100.00,91.13,0.00,0.00,2022-09-13,2022-09-19,1
20220906,48271,Kinney County,TX,0.00,100.00,100.00,91.13,0.00,0.00,2022-09-06,2022-09-12,1
20220830,48271,Kinney County,TX,0.00,100.00,100.00,100.00,100.00,40.14,2022-08-30,2022-09-05,1
20220823,48271,Kinney County,TX,0.00,100.00,100.00,100.00,100.00,71.22,2022-08-23,2022-08-29,1
20220816,48271,Kinney County,TX,0.00,100.00,100.00,100.00,100.00,76.40,2022-08-16,2022-08-22,1
20220809,48271,Kinney County,TX,0.00,100.00,100.00,100.00,100.00,76.40,2022-08-09,2022-08-15,1
20220802,48271,Kinney County,TX,0.00,100.00,100.00,100.00,100.00,76.40,2022-08-02,2022-08-08,1
20220726,48271,Kinney County,TX,0.00,100.00,100.00,100.00,94.86,66.24,2022-07-26,2022-08-01,1
20220719,48271,Kinney County,TX,0.00,100.00,100.00,100.00,94.86,66.24,2022-07-19,2022-07-25,1
20220712,48271,Kinney County,TX,0.00,100.00,100.00,100.00,98.40,64.46,2022-07-12,2022-07-18,1
20220705,48271,Kinney County,TX,0.00,100.00,100.00,100.00,98.46,36.22,2022-07-05,2022-07-11,1
20220628,48271,Kinney County,TX,0.00,100.00,100.00,100.00,98.32,50.58,2022-06-28,2022-07-04,1
20220621,48271,Kinney County,TX,0.00,100.00,100.00,100.00,98.32,50.58,2022-06-21,2022-06-27,1
20220614,48271,Kinney County,TX,0.00,100.00,100.00,100.00,98.32,50.58,2022-06-14,2022-06-20,1
20220607,48271,Kinney County,TX,0.00,100.00,100.00,100.00,98.32,26.17,2022-06-07,2022-06-13,1
20220531,48271,Kinney County,TX,0.00,100.00,100.00,100.00,97.88,25.89,2022-05-31,2022-06-06,1
20220524,48271,Kinney County,TX,0.00,100.00,100.00,100.00,97.88,25.89,2022-05-24,2022-05-30,1
20220517,48271,Kinney County,TX,0.00,100.00,100.00,100.00,97.88,25.89,2022-05-17,2022-05-23,1
20220510,48271,Kinney County,TX,0.00,100.00,100.00,100.00,97.88,25.89,2022-05-10,2022-05-16,1
20220503,48271,Kinney County,TX,0.00,100.00,100.00,100.00,97.88,25.89,2022-05-03,2022-05-09,1
20220426,48271,Kinney County,TX,0.00,100.00,100.00,100.00,97.99,25.20,2022-04-26,2022-05-02,1
20220419,48271,Kinney County,TX,0.00,100.00,100.00,100.00,100.00,0.00,2022-04-19,2022-04-25,1
20220412,48271,Kinney County,TX,0.00,100.00,100.00,100.00,100.00,0.00,2022-04-12,2022-04-18,1
20220405,48271,Kinney County,TX,0.00,100.00,100.00,100.00,100.00,0.00,2022-04-05,2022-04-11,1
20220329,48271,Kinney County,TX,0.00,100.00,100.00,100.00,60.90,0.00,2022-03-29,2022-04-04,1
20220322,48271,Kinney County,TX,0.00,100.00,100.00,100.00,60.90,0.00,2022-03-22,2022-03-28,1
20220315,48271,Kinney County,TX,0.00,100.00,100.00,100.00,60.50,0.00,2022-03-15,2022-03-21,1
20220308,48271,Kinney County,TX,0.00,100.00,100.00,100.00,0.00,0.00,2022-03-08,2022-03-14,1
20220301,48271,Kinney County,TX,0.00,100.00,100.00,98.91,0.00,0.00,2022-03-01,2022-03-07,1
20220222,48271,Kinney County,TX,0.00,100.00,100.00,83.77,0.00,0.00,2022-02-22,2022-02-28,1
20220215,48271,Kinney County,TX,0.00,100.00,100.00,83.77,0.00,0.00,2022-02-15,2022-02-21,1
20220208,48271,Kinney County,TX,0.00,100.00,100.00,83.19,0.00,0.00,2022-02-08,2022-02-14,1
20220201,48271,Kinney County,TX,0.00,100.00,100.00,100.00,0.00,0.00,2022-02-01,2022-02-07,1
20220125,48271,Kinney County,TX,0.00,100.00,100.00,21.75,0.00,0.00,2022-01-25,2022-01-31,1
20220118,48271,Kinney County,TX,0.00,100.00,100.00,8.44,0.00,0.00,2022-01-18,2022-01-24,1
20220111,48271,Kinney County,TX,0.00,100.00,100.00,8.44,0.00,0.00,2022-01-11,2022-01-17,1
20220104,48271,Kinney County,TX,0.00,100.00,74.42,6.68,0.00,0.00,2022-01-04,2022-01-10,1
20211228,48271,Kinney County,TX,28.25,71.75,28.49,0.00,0.00,0.00,2021-12-28,2022-01-03,1
20211221,48271,Kinney County,TX,28.43,71.57,33.25,0.00,0.00,0.00,2021-12-21,2021-12-27,1
20211214,48271,Kinney County,TX,22.13,77.87,29.88,0.00,0.00,0.00,2021-12-14,2021-12-20,1
20211207,48271,Kinney County,TX,22.42,77.58,29.33,0.00,0.00,0.00,2021-12-07,2021-12-13,1
20211130,48271,Kinney County,TX,66.07,33.93,0.00,0.00,0.00,0.00,2021-11-30,2021-12-06,1
20211123,48271,Kinney County,TX,69.73,30.27,0.00,0.00,0.00,0.00,2021-11-23,2021-11-29,1
20211116,48271,Kinney County,TX,69.73,30.27,0.00,0.00,0.00,0.00,2021-11-16,2021-11-22,1
20211109,48271,Kinney County,TX,70.66,29.34,0.00,0.00,0.00,0.00,2021-11-09,2021-11-15,1
20211102,48271,Kinney County,TX,70.66,29.34,0.00,0.00,0.00,0.00,2021-11-02,2021-11-08,1
20211026,48271,Kinney County,TX,100.00,0.00,0.00,0.00,0.00,0.00,2021-10-26,2021-11-01,1
20211019,48271,Kinney County,TX,100.00,0.00,0.00,0.00,0.00,0.00,2021-10-19,2021-10-25,1
20211012,48271,Kinney County,TX,100.00,0.00,0.00,0.00,0.00,0.00,2021-10-12,2021-10-18,1
20211005,48271,Kinney County,TX,100.00,0.00,0.00,0.00,0.00,0.00,2021-10-05,2021-10-11,1
20210928,48271,Kinney County,TX,10.42,89.58,0.00,0.00,0.00,0.00,2021-09-28,2021-10-04,1
20210921,48271,Kinney County,TX,99.82,0.18,0.00,0.00,0.00,0.00,2021-09-21,2021-09-27,1
20210914,48271,Kinney County,TX,100.00,0.00,0.00,0.00,0.00,0.00,2021-09-14,2021-09-20,1
20210907,48271,Kinney County,TX,100.00,0.00,0.00,0.00,0.00,0.00,2021-09-07,2021-09-13,1
20210831,48271,Kinney County,TX,100.00,0.00,0.00,0.00,0.00,0.00,2021-08-31,2021-09-06,1
20210824,48271,Kinney County,TX,100.00,0.00,0.00,0.00,0.00,0.00,2021-08-24,2021-08-30,1
20210817,48271,Kinney County,TX,100.00,0.00,0.00,0.00,0.00,0.00,2021-08-17,2021-08-23,1
20210810,48271,Kinney County,TX,100.00,0.00,0.00,0.00,0.00,0.00,2021-08-10,2021-08-16,1
20210803,48271,Kinney County,TX,100.00,0.00,0.00,0.00,0.00,0.00,2021-08-03,2021-08-09,1
20210727,48271,Kinney County,TX,80.47,19.53,0.00,0.00,0.00,0.00,2021-07-27,2021-08-02,1
20210720,48271,Kinney County,TX,80.47,19.53,0.00,0.00,0.00,0.00,2021-07-20,2021-07-26,1
20210713,48271,Kinney County,TX,80.47,19.53,0.00,0.00,0.00,0.00,2021-07-13,2021-07-19,1
20210706,48271,Kinney County,TX,30.88,69.12,0.00,0.00,0.00,0.00,2021-07-06,2021-07-12,1
20210629,48271,Kinney County,TX,30.88,69.12,0.00,0.00,0.00,0.00,2021-06-29,2021-07-05,1
20210622,48271,Kinney County,TX,30.88,69.12,0.00,0.00,0.00,0.00,2021-06-22,2021-06-28,1
20210615,48271,Kinney County,TX,91.09,8.91,0.00,0.00,0.00,0.00,2021-06-15,2021-06-21,1
20210608,48271,Kinney County,TX,91.09,8.91,0.00,0.00,0.00,0.00,2021-06-08,2021-06-14,1
20210601,48271,Kinney County,TX,87.18,12.82,8.54,0.00,0.00,0.00,2021-06-01,2021-06-07,1
20210525,48271,Kinney County,TX,26.73,73.27,8.37,0.00,0.00,0.00,2021-05-25,2021-05-31,1
20210518,48271,Kinney County,TX,27.20,72.80,7.75,0.00,0.00,0.00,2021-05-18,2021-05-24,1
20210511,48271,Kinney County,TX,26.97,73.03,7.75,0.00,0.00,0.00,2021-05-11,2021-05-17,1
20210504,48271,Kinney County,TX,10.94,89.06,48.25,7.11,0.00,0.00,2021-05-04,2021-05-10,1
20210427,48271,Kinney County,TX,0.00,100.00,100.00,27.63,0.00,0.00,2021-04-27,2021-05-03,1
20210420,48271,Kinney County,TX,0.00,100.00,36.61,0.00,0.00,0.00,2021-04-20,2021-04-26,1
20210413,48271,Kinney County,TX,0.00,100.00,36.61,0.00,0.00,0.00,2021-04-13,2021-04-19,1
20210406,48271,Kinney County,TX,0.00,100.00,36.61,0.00,0.00,0.00,2021-04-06,2021-04-12,1
20210330,48271,Kinney County,TX,0.00,100.00,36.61,0.00,0.00,0.00,2021-03-30,2021-04-05,1
20210323,48271,Kinney County,TX,0.00,100.00,36.61,0.00,0.00,0.00,2021-03-23,2021-03-29,1
20210316,48271,Kinney County,TX,2.10,97.90,0.00,0.00,0.00,0.00,2021-03-16,2021-03-22,1
20210309,48271,Kinney County,TX,2.12,97.88,0.00,0.00,0.00,0.00,2021-03-09,2021-03-15,1
20210302,48271,Kinney County,TX,2.12,97.88,0.00,0.00,0.00,0.00,2021-03-02,2021-03-08,1
20210223,48271,Kinney County,TX,2.20,97.80,0.00,0.00,0.00,0.00,2021-02-23,2021-03-01,1
20210216,48271,Kinney County,TX,0.00,100.00,5.94,0.00,0.00,0.00,2021-02-16,2021-02-22,1
20210209,48271,Kinney County,TX,0.00,100.00,100.00,0.00,0.00,0.00,2021-02-09,2021-02-15,1
20210202,48271,Kinney County,TX,0.00,100.00,100.00,0.00,0.00,0.00,2021-02-02,2021-02-08,1
20210126,48271,Kinney County,TX,0.00,100.00,100.00,0.00,0.00,0.00,2021-01-26,2021-02-01,1
20210119,48271,Kinney County,TX,0.00,100.00,100.00,80.54,0.00,0.00,2021-01-19,2021-01-25,1
20210112,48271,Kinney County,TX,0.00,100.00,100.00,79.44,0.00,0.00,2021-01-12,2021-01-18,1
20210105,48271,Kinney County,TX,0.00,100.00,100.00,89.80,0.00,0.00,2021-01-05,2021-01-11,1
20201229,48271,Kinney County,TX,0.00,100.00,100.00,100.00,89.60,0.00,2020-12-29,2021-01-04,1
20201222,48271,Kinney County,TX,0.00,100.00,100.00,100.00,89.60,0.00,2020-12-22,2020-12-28,1
20201215,48271,Kinney County,TX,0.00,100.00,100.00,100.00,89.39,0.00,2020-12-15,2020-12-21,1
20201208,48271,Kinney County,TX,0.00,100.00,100.00,100.00,17.85,0.00,2020-12-08,2020-12-14,1
20201201,48271,Kinney County,TX,0.00,100.00,100.00,100.00,17.85,0.00,2020-12-01,2020-12-07,1
20201124,48271,Kinney County,TX,0.00,100.00,100.00,100.00,24.08,0.99,2020-11-24,2020-11-30,1
20201117,48271,Kinney County,TX,0.00,100.00,100.00,100.00,24.08,0.00,2020-11-17,2020-11-23,1
20201110,48271,Kinney County,TX,0.00,100.00,100.00,79.79,5.58,0.00,2020-11-10,2020-11-16,1
20201103,48271,Kinney County,TX,0.00,100.00,84.97,38.82,0.00,0.00,2020-11-03,2020-11-09,1
20201027,48271,Kinney County,TX,0.36,99.64,83.52,38.82,0.00,0.00,2020-10-27,2020-11-02,1
20201020,48271,Kinney County,TX,0.36,99.64,65.39,9.61,0.00,0.00,2020-10-20,2020-10-26,1
20201013,48271,Kinney County,TX,0.36,99.64,65.39,9.61,0.00,0.00,2020-10-13,2020-10-19,1
20201006,48271,Kinney County,TX,0.36,99.64,65.39,9.61,0.00,0.00,2020-10-06,2020-10-12,1
20200929,48271,Kinney County,TX,0.83,99.17,63.74,4.42,0.00,0.00,2020-09-29,2020-10-05,1
20200922,48271,Kinney County,TX,0.83,99.17,63.74,4.42,0.00,0.00,2020-09-22,2020-09-28,1
20200915,48271,Kinney County,TX,0.00,100.00,91.96,16.13,0.00,0.00,2020-09-15,2020-09-21,1
20200908,48271,Kinney County,TX,0.00,100.00,100.00,48.15,0.00,0.00,2020-09-08,2020-09-14,1
20200901,48271,Kinney County,TX,0.00,100.00,100.00,100.00,16.10,0.00,2020-09-01,2020-09-07,1
20200825,48271,Kinney County,TX,0.00,100.00,100.00,100.00,16.10,0.00,2020-08-25,2020-08-31,1
20200818,48271,Kinney County,TX,0.00,100.00,100.00,81.79,11.13,0.00,2020-08-18,2020-08-24,1
20200811,48271,Kinney County,TX,0.00,100.00,100.00,81.79,8.20,0.00,2020-08-11,2020-08-17,1
20200804,48271,Kinney County,TX,0.00,100.00,100.00,81.79,8.26,0.00,2020-08-04,2020-08-10,1
20200728,48271,Kinney County,TX,0.00,100.00,100.00,81.79,8.20,0.00,2020-07-28,2020-08-03,1
20200721,48271,Kinney County,TX,0.00,100.00,100.00,81.79,8.20,0.00,2020-07-21,2020-07-27,1
20200714,48271,Kinney County,TX,0.00,100.00,100.00,78.50,0.00,0.00,2020-07-14,2020-07-20,1
20200707,48271,Kinney County,TX,0.00,100.00,100.00,36.67,0.00,0.00,2020-07-07,2020-07-13,1
20200630,48271,Kinney County,TX,0.00,100.00,100.00,0.00,0.00,0.00,2020-06-30,2020-07-06,1
20200623,48271,Kinney County,TX,0.00,100.00,7.77,0.00,0.00,0.00,2020-06-23,2020-06-29,1
20200616,48271,Kinney County,TX,22.55,77.45,0.00,0.00,0.00,0.00,2020-06-16,2020-06-22,1
20200609,48271,Kinney County,TX,22.55,77.45,0.00,0.00,0.00,0.00,2020-06-09,2020-06-15,1
20200602,48271,Kinney County,TX,76.44,23.56,0.00,0.00,0.00,0.00,2020-06-02,2020-06-08,1
20200526,48271,Kinney County,TX,76.36,23.64,0.00,0.00,0.00,0.00,2020-05-26,2020-06-01,1
20200519,48271,Kinney County,TX,49.02,50.98,7.25,0.00,0.00,0.00,2020-05-19,2020-05-25,1
20200512,48271,Kinney County,TX,44.38,55.62,8.07,0.00,0.00,0.00,2020-05-12,2020-05-18,1
20200505,48271,Kinney County,TX,62.51,37.49,0.66,0.00,0.00,0.00,2020-05-05,2020-05-11,1
20200428,48271,Kinney County,TX,63.29,36.71,0.61,0.00,0.00,0.00,2020-04-28,2020-05-04,1
20200421,48271,Kinney County,TX,63.29,36.71,2.52,0.00,0.00,0.00,2020-04-21,2020-04-27,1
20200414,48271,Kinney County,TX,63.29,36.71,2.52,0.00,0.00,0.00,2020-04-14,2020-04-20,1
20200407,48271,Kinney County,TX,63.29,36.71,2.52,0.00,0.00,0.00,2020-04-07,2020-04-13,1
20200331,48271,Kinney County,TX,15.79,84.21,33.94,1.72,0.00,0.00,2020-03-31,2020-04-06,1
20200324,48271,Kinney County,TX,15.79,84.21,33.94,1.72,0.00,0.00,2020-03-24,2020-03-30,1
20200317,48271,Kinney County,TX,4.22,95.78,66.80,13.85,0.40,0.00,2020-03-17,2020-03-23,1
20200310,48271,Kinney County,TX,0.00,100.00,95.78,16.38,0.40,0.00,2020-03-10,2020-03-16,1
20200303,48271,Kinney County,TX,0.00,100.00,100.00,39.45,0.40,0.00,2020-03-03,2020-03-09,1
20200225,48271,Kinney County,TX,0.00,100.00,100.00,39.45,0.40,0.00,2020-02-25,2020-03-02,1
20200218,48271,Kinney County,TX,0.00,100.00,100.00,39.45,0.40,0.00,2020-02-18,2020-02-24,1
20200211,48271,Kinney County,TX,0.00,100.00,100.00,91.11,3.35,0.00,2020-02-11,2020-02-17,1
20200204,48271,Kinney County,TX,0.00,100.00,100.00,91.11,3.41,0.00,2020-02-04,2020-02-10,1
20200128,48271,Kinney County,TX,0.00,100.00,100.00,95.74,3.63,0.00,2020-01-28,2020-02-03,1
20200121,48271,Kinney County,TX,0.00,100.00,100.00,95.74,3.63,0.00,2020-01-21,2020-01-27,1
20200114,48271,Kinney County,TX,0.00,100.00,100.00,100.00,70.81,0.00,2020-01-14,2020-01-20,1
20200107,48271,Kinney County,TX,0.00,100.00,100.00,100.00,70.81,0.00,2020-01-07,2020-01-13,1
20191231,48271,Kinney County,TX,0.00,100.00,100.00,100.00,45.70,0.00,2019-12-31,2020-01-06,1
20191224,48271,Kinney County,TX,0.00,100.00,100.00,100.00,45.70,0.00,2019-12-24,2019-12-30,1
20191217,48271,Kinney County,TX,0.00,100.00,100.00,100.00,45.70,0.00,2019-12-17,2019-12-23,1
20191210,48271,Kinney County,TX,0.00,100.00,100.00,100.00,45.70,0.00,2019-12-10,2019-12-16,1
20191203,48271,Kinney County,TX,0.00,100.00,100.00,100.00,45.70,0.00,2019-12-03,2019-12-09,1
20191126,48271,Kinney County,TX,0.00,100.00,100.00,100.00,45.70,0.00,2019-11-26,2019-12-02,1
20191119,48271,Kinney County,TX,0.00,100.00,100.00,100.00,45.70,0.00,2019-11-19,2019-11-25,1
20191112,48271,Kinney County,TX,0.00,100.00,100.00,100.00,4.73,0.00,2019-11-12,2019-11-18,1
20191105,48271,Kinney County,TX,0.00,100.00,100.00,100.00,100.00,0.00,2019-11-05,2019-11-11,1
20191029,48271,Kinney County,TX,0.00,100.00,100.00,100.00,100.00,0.00,2019-10-29,2019-11-04,1
20191022,48271,Kinney County,TX,0.00,100.00,100.00,100.00,96.34,0.00,2019-10-22,2019-10-28,1
20191015,48271,Kinney County,TX,0.00,100.00,100.00,100.00,96.34,0.00,2019-10-15,2019-10-21,1
20191008,48271,Kinney County,TX,0.00,100.00,100.00,100.00,76.32,0.00,2019-10-08,2019-10-14,1
20191001,48271,Kinney County,TX,0.00,100.00,100.00,100.00,76.32,0.00,2019-10-01,2019-10-07,1
20190924,48271,Kinney County,TX,0.00,100.00,100.00,100.00,47.29,0.00,2019-09-24,2019-09-30,1
20190917,48271,Kinney County,TX,0.00,100.00,100.00,89.98,0.00,0.00,2019-09-17,2019-09-23,1
20190910,48271,Kinney County,TX,0.00,100.00,100.00,60.31,0.00,0.00,2019-09-10,2019-09-16,1
20190903,48271,Kinney County,TX,0.00,100.00,100.00,0.00,0.00,0.00,2019-09-03,2019-09-09,1
20190827,48271,Kinney County,TX,0.00,100.00,81.93,0.00,0.00,0.00,2019-08-27,2019-09-02,1
20190820,48271,Kinney County,TX,0.00,100.00,26.57,0.00,0.00,0.00,2019-08-20,2019-08-26,1
20190813,48271,Kinney County,TX,20.00,80.00,0.00,0.00,0.00,0.00,2019-08-13,2019-08-19,1
20190806,48271,Kinney County,TX,20.00,80.00,0.00,0.00,0.00,0.00,2019-08-06,2019-08-12,1
20190730,48271,Kinney County,TX,96.08,3.92,0.00,0.00,0.00,0.00,2019-07-30,2019-08-05,1
20190723,48271,Kinney County,TX,100.00,0.00,0.00,0.00,0.00,0.00,2019-07-23,2019-07-29,1
20190716,48271,Kinney County,TX,100.00,0.00,0.00,0.00,0.00,0.00,2019-07-16,2019-07-22,1
20190709,48271,Kinney County,TX,100.00,0.00,0.00,0.00,0.00,0.00,2019-07-09,2019-07-15,1
20190702,48271,Kinney County,TX,100.00,0.00,0.00,0.00,0.00,0.00,2019-07-02,2019-07-08,1
20190625,48271,Kinney County,TX,100.00,0.00,0.00,0.00,0.00,0.00,2019-06-25,2019-07-01,1
20190618,48271,Kinney County,TX,100.00,0.00,0.00,0.00,0.00,0.00,2019-06-18,2019-06-24,1
20190611,48271,Kinney County,TX,100.00,0.00,0.00,0.00,0.00,0.00,2019-06-11,2019-06-17,1
20190604,48271,Kinney County,TX,80.85,19.15,0.00,0.00,0.00,0.00,2019-06-04,2019-06-10,1
20190528,48271,Kinney County,TX,74.63,25.37,0.00,0.00,0.00,0.00,2019-05-28,2019-06-03,1
20190521,48271,Kinney County,TX,100.00,0.00,0.00,0.00,0.00,0.00,2019-05-21,2019-05-27,1
20190514,48271,Kinney County,TX,100.00,0.00,0.00,0.00,0.00,0.00,2019-05-14,2019-05-20,1
20190507,48271,Kinney County,TX,100.00,0.00,0.00,0.00,0.00,0.00,2019-05-07,2019-05-13,1
20190430,48271,Kinney County,TX,80.44,19.56,0.00,0.00,0.00,0.00,2019-04-30,2019-05-06,1
20190423,48271,Kinney County,TX,41.60,58.40,0.00,0.00,0.00,0.00,2019-04-23,2019-04-29,1
20190416,48271,Kinney County,TX,0.00,100.00,57.72,0.00,0.00,0.00,2019-04-16,2019-04-22,1
20190409,48271,Kinney County,TX,0.00,100.00,59.95,0.00,0.00,0.00,2019-04-09,2019-04-15,1
20190402,48271,Kinney County,TX,0.00,100.00,99.90,7.13,0.00,0.00,2019-04-02,2019-04-08,1
20190326,48271,Kinney County,TX,0.00,100.00,99.90,0.00,0.00,0.00,2019-03-26,2019-04-01,1
20190319,48271,Kinney County,TX,0.00,100.00,91.23,0.00,0.00,0.00,2019-03-19,2019-03-25,1
20190312,48271,Kinney County,TX,0.00,100.00,91.23,0.00,0.00,0.00,2019-03-12,2019-03-18,1
20190305,48271,Kinney County,TX,0.00,100.00,91.23,0.00,0.00,0.00,2019-03-05,2019-03-11,1
20190226,48271,Kinney County,TX,0.00,100.00,91.23,0.00,0.00,0.00,2019-02-26,2019-03-04,1
20190219,48271,Kinney County,TX,0.00,100.00,32.58,0.00,0.00,0.00,2019-02-19,2019-02-25,1
20190212,48271,Kinney County,TX,0.00,100.00,0.00,0.00,0.00,0.00,2019-02-12,2019-02-18,1
20190205,48271,Kinney County,TX,86.38,13.62,0.00,0.00,0.00,0.00,2019-02-05,2019-02-11,1
20190129,48271,Kinney County,TX,90.66,9.34,0.00,0.00,0.00,0.00,2019-01-29,2019-02-04,1
20190122,48271,Kinney County,TX,100.00,0.00,0.00,0.00,0.00,0.00,2019-01-22,2019-01-28,1
20190115,48271,Kinney County,TX,100.00,0.00,0.00,0.00,0.00,0.00,2019-01-15,2019-01-21,1
20190108,48271,Kinney County,TX,100.00,0.00,0.00,0.00,0.00,0.00,2019-01-08,2019-01-14,1
20190101,48271,Kinney County,TX,100.00,0.00,0.00,0.00,0.00,0.00,2019-01-01,2019-01-07,1
20181225,48271,Kinney County,TX,100.00,0.00,0.00,0.00,0.00,0.00,2018-12-25,2018-12-31,1
20181218,48271,Kinney County,TX,100.00,0.00,0.00,0.00,0.00,0.00,2018-12-18,2018-12-24,1
20181211,48271,Kinney County,TX,100.00,0.00,0.00,0.00,0.00,0.00,2018-12-11,2018-12-17,1
20181204,48271,Kinney County,TX,100.00,0.00,0.00,0.00,0.00,0.00,2018-12-04,2018-12-10,1
20181127,48271,Kinney County,TX,100.00,0.00,0.00,0.00,0.00,0.00,2018-11-27,2018-12-03,1
20181120,48271,Kinney County,TX,100.00,0.00,0.00,0.00,0.00,0.00,2018-11-20,2018-11-26,1
20181113,48271,Kinney County,TX,100.00,0.00,0.00,0.00,0.00,0.00,2018-11-13,2018-11-19,1
20181106,48271,Kinney County,TX,100.00,0.00,0.00,0.00,0.00,0.00,2018-11-06,2018-11-12,1
20181030,48271,Kinney County,TX,100.00,0.00,0.00,0.00,0.00,0.00,2018-10-30,2018-11-05,1
20181023,48271,Kinney County,TX,100.00,0.00,0.00,0.00,0.00,0.00,2018-10-23,2018-10-29,1
20181016,48271,Kinney County,TX,100.00,0.00,0.00,0.00,0.00,0.00,2018-10-16,2018-10-22,1
20181009,48271,Kinney County,TX,100.00,0.00,0.00,0.00,0.00,0.00,2018-10-09,2018-10-15,1
20181002,48271,Kinney County,TX,100.00,0.00,0.00,0.00,0.00,0.00,2018-10-02,2018-10-08,1
20180925,48271,Kinney County,TX,100.00,0.00,0.00,0.00,0.00,0.00,2018-09-25,2018-10-01,1
20180918,48271,Kinney County,TX,100.00,0.00,0.00,0.00,0.00,0.00,2018-09-18,2018-09-24,1
20180911,48271,Kinney County,TX,0.00,100.00,19.61,0.00,0.00,0.00,2018-09-11,2018-09-17,1
20180904,48271,Kinney County,TX,0.00,100.00,100.00,93.22,18.64,0.00,2018-09-04,2018-09-10,1
20180828,48271,Kinney County,TX,0.00,100.00,100.00,100.00,70.54,0.82,2018-08-28,2018-09-03,1
20180821,48271,Kinney County,TX,0.00,100.00,100.00,100.00,70.54,0.82,2018-08-21,2018-08-27,1
20180814,48271,Kinney County,TX,0.00,100.00,100.00,100.00,67.84,0.82,2018-08-14,2018-08-20,1
20180807,48271,Kinney County,TX,0.00,100.00,100.00,100.00,100.00,0.69,2018-08-07,2018-08-13,1
20180731,48271,Kinney County,TX,0.00,100.00,100.00,100.00,95.95,0.00,2018-07-31,2018-08-06,1
20180724,48271,Kinney County,TX,0.00,100.00,100.00,100.00,39.72,0.00,2018-07-24,2018-07-30,1
20180717,48271,Kinney County,TX,0.00,100.00,100.00,100.00,30.74,0.00,2018-07-17,2018-07-23,1
20180710,48271,Kinney County,TX,0.00,100.00,100.00,100.00,30.74,0.00,2018-07-10,2018-07-16,1
20180703,48271,Kinney County,TX,0.00,100.00,100.00,100.00,100.00,30.74,2018-07-03,2018-07-09,1
20180626,48271,Kinney County,TX,0.00,100.00,100.00,96.51,38.33,0.00,2018-06-26,2018-07-02,1
20180619,48271,Kinney County,TX,0.00,100.00,100.00,71.11,9.61,0.00,2018-06-19,2018-06-25,1
20180612,48271,Kinney County,TX,0.00,100.00,100.00,71.11,9.61,0.00,2018-06-12,2018-06-18,1
20180605,48271,Kinney County,TX,0.00,100.00,100.00,40.19,7.53,0.00,2018-06-05,2018-06-11,1
20180529,48271,Kinney County,TX,0.00,100.00,99.88,51.45,0.61,0.00,2018-05-29,2018-06-04,1
20180522,48271,Kinney County,TX,0.00,100.00,99.89,46.11,0.61,0.00,2018-05-22,2018-05-28,1
20180515,48271,Kinney County,TX,0.00,100.00,100.00,98.49,13.04,0.00,2018-05-15,2018-05-21,1
20180508,48271,Kinney County,TX,0.00,100.00,100.00,98.37,10.79,0.00,2018-05-08,2018-05-14,1
20180501,48271,Kinney County,TX,0.00,100.00,100.00,100.00,93.51,0.00,2018-05-01,2018-05-07,1
20180424,48271,Kinney County,TX,0.00,100.00,100.00,100.00,95.86,0.00,2018-04-24,2018-04-30,1
20180417,48271,Kinney County,TX,0.00,100.00,100.00,100.00,31.15,0.00,2018-04-17,2018-04-23,1
20180410,48271,Kinney County,TX,0.00,100.00,100.00,96.75,0.00,0.00,2018-04-10,2018-04-16,1
20180403,48271,Kinney County,TX,0.00,100.00,100.00,84.56,0.00,0.00,2018-04-03,2018-04-09,1
20180327,48271,Kinney County,TX,0.00,100.00,100.00,84.92,0.00,0.00,2018-03-27,2018-04-02,1
20180320,48271,Kinney County,TX,0.00,100.00,100.00,62.09,0.00,0.00,2018-03-20,2018-03-26,1
20180313,48271,Kinney County,TX,0.00,100.00,82.62,0.00,0.00,0.00,2018-03-13,2018-03-19,1
20180306,48271,Kinney County,TX,0.00,100.00,82.62,0.00,0.00,0.00,2018-03-06,2018-03-12,1
20180227,48271,Kinney County,TX,0.00,100.00,82.62,0.00,0.00,0.00,2018-02-27,2018-03-05,1
20180220,48271,Kinney County,TX,0.00,100.00,100.00,0.00,0.00,0.00,2018-02-20,2018-02-26,1
20180213,48271,Kinney County,TX,0.00,100.00,100.00,0.00,0.00,0.00,2018-02-13,2018-02-19,1
20180206,48271,Kinney County,TX,0.00,100.00,83.08,0.00,0.00,0.00,2018-02-06,2018-02-12,1
20180130,48271,Kinney County,TX,0.00,100.00,83.82,0.00,0.00,0.00,2018-01-30,2018-02-05,1
20180123,48271,Kinney County,TX,0.00,100.00,5.93,0.00,0.00,0.00,2018-01-23,2018-01-29,1
20180116,48271,Kinney County,TX,59.83,40.17,0.00,0.00,0.00,0.00,2018-01-16,2018-01-22,1
20180109,48271,Kinney County,TX,83.79,16.21,0.00,0.00,0.00,0.00,2018-01-09,2018-01-15,1
20180102,48271,Kinney County,TX,83.79,16.21,0.00,0.00,0.00,0.00,2018-01-02,2018-01-08,1
20171226,48271,Kinney County,TX,83.79,16.21,0.00,0.00,0.00,0.00,2017-12-26,2018-01-01,1
20171219,48271,Kinney County,TX,100.00,0.00,0.00,0.00,0.00,0.00,2017-12-19,2017-12-25,1
20171212,48271,Kinney County,TX,100.00,0.00,0.00,0.00,0.00,0.00,2017-12-12,2017-12-18,1
20171205,48271,Kinney County,TX,13.21,86.79,0.00,0.00,0.00,0.00,2017-12-05,2017-12-11,1
20171128,48271,Kinney County,TX,62.95,37.05,0.00,0.00,0.00,0.00,2017-11-28,2017-12-04,1
20171121,48271,Kinney County,TX,62.95,37.05,0.00,0.00,0.00,0.00,2017-11-21,2017-11-27,1
20171114,48271,Kinney County,TX,100.00,0.00,0.00,0.00,0.00,0.00,2017-11-14,2017-11-20,1
20171107,48271,Kinney County,TX,100.00,0.00,0.00,0.00,0.00,0.00,2017-11-07,2017-11-13,1
20171031,48271,Kinney County,TX,100.00,0.00,0.00,0.00,0.00,0.00,2017-10-31,2017-11-06,1
20171024,48271,Kinney County,TX,100.00,0.00,0.00,0.00,0.00,0.00,2017-10-24,2017-10-30,1
20171017,48271,Kinney County,TX,100.00,0.00,0.00,0.00,0.00,0.00,2017-10-17,2017-10-23,1
20171010,48271,Kinney County,TX,100.00,0.00,0.00,0.00,0.00,0.00,2017-10-10,2017-10-16,1
20171003,48271,Kinney County,TX,100.00,0.00,0.00,0.00,0.00,0.00,2017-10-03,2017-10-09,1
20170926,48271,Kinney County,TX,36.56,63.44,5.32,0.00,0.00,0.00,2017-09-26,2017-10-02,1
20170919,48271,Kinney County,TX,0.00,100.00,99.96,1.82,0.00,0.00,2017-09-19,2017-09-25,1
20170912,48271,Kinney County,TX,0.00,100.00,70.14,0.00,0.00,0.00,2017-09-12,2017-09-18,1
20170905,48271,Kinney County,TX,0.00,100.00,19.49,0.00,0.00,0.00,2017-09-05,2017-09-11,1
20170829,48271,Kinney County,TX,2.42,97.58,19.49,0.00,0.00,0.00,2017-08-29,2017-09-04,1
20170822,48271,Kinney County,TX,0.00,100.00,19.49,0.00,0.00,0.00,2017-08-22,2017-08-28,1
20170815,48271,Kinney County,TX,33.96,66.04,19.49,0.00,0.00,0.00,2017-08-15,2017-08-21,1
20170808,48271,Kinney County,TX,20.76,79.24,56.78,0.00,0.00,0.00,2017-08-08,2017-08-14,1
20170801,48271,Kinney County,TX,20.76,79.24,40.39,0.00,0.00,0.00,2017-08-01,2017-08-07,1
20170725,48271,Kinney County,TX,20.90,79.10,29.35,0.00,0.00,0.00,2017-07-25,2017-07-31,1
20170718,48271,Kinney County,TX,20.86,79.14,0.00,0.00,0.00,0.00,2017-07-18,2017-07-24,1
20170711,48271,Kinney County,TX,20.86,79.14,0.00,0.00,0.00,0.00,2017-07-11,2017-07-17,1
20170704,48271,Kinney County,TX,20.86,79.14,0.00,0.00,0.00,0.00,2017-07-04,2017-07-10,1
20170627,48271,Kinney County,TX,100.00,0.00,0.00,0.00,0.00,0.00,2017-06-27,2017-07-03,1
20170620,48271,Kinney County,TX,100.00,0.00,0.00,0.00,0.00,0.00,2017-06-20,2017-06-26,1
20170613,48271,Kinney County,TX,100.00,0.00,0.00,0.00,0.00,0.00,2017-06-13,2017-06-19,1
20170606,48271,Kinney County,TX,100.00,0.00,0.00,0.00,0.00,0.00,2017-06-06,2017-06-12,1
20170530,48271,Kinney County,TX,100.00,0.00,0.00,0.00,0.00,0.00,2017-05-30,2017-06-05,1
20170523,48271,Kinney County,TX,100.00,0.00,0.00,0.00,0.00,0.00,2017-05-23,2017-05-29,1
20170516,48271,Kinney County,TX,100.00,0.00,0.00,0.00,0.00,0.00,2017-05-16,2017-05-22,1
20170509,48271,Kinney County,TX,100.00,0.00,0.00,0.00,0.00,0.00,2017-05-09,2017-05-15,1
20170502,48271,Kinney County,TX,100.00,0.00,0.00,0.00,0.00,0.00,2017-05-02,2017-05-08,1
20170425,48271,Kinney County,TX,100.00,0.00,0.00,0.00,0.00,0.00,2017-04-25,2017-05-01,1
20170418,48271,Kinney County,TX,100.00,0.00,0.00,0.00,0.00,0.00,2017-04-18,2017-04-24,1
20170411,48271,Kinney County,TX,100.00,0.00,0.00,0.00,0.00,0.00,2017-04-11,2017-04-17,1
20170404,48271,Kinney County,TX,100.00,0.00,0.00,0.00,0.00,0.00,2017-04-04,2017-04-10,1
20170328,48271,Kinney County,TX,99.98,0.02,0.00,0.00,0.00,0.00,2017-03-28,2017-04-03,1
20170321,48271,Kinney County,TX,99.98,0.02,0.00,0.00,0.00,0.00,2017-03-21,2017-03-27,1
20170314,48271,Kinney County,TX,99.98,0.02,0.00,0.00,0.00,0.00,2017-03-14,2017-03-20,1
20170307,48271,Kinney County,TX,100.00,0.00,0.00,0.00,0.00,0.00,2017-03-07,2017-03-13,1
20170228,48271,Kinney County,TX,100.00,0.00,0.00,0.00,0.00,0.00,2017-02-28,2017-03-06,1
20170221,48271,Kinney County,TX,100.00,0.00,0.00,0.00,0.00,0.00,2017-02-21,2017-02-27,1
20170214,48271,Kinney County,TX,100.00,0.00,0.00,0.00,0.00,0.00,2017-02-14,2017-02-20,1
20170207,48271,Kinney County,TX,100.00,0.00,0.00,0.00,0.00,0.00,2017-02-07,2017-02-13,1
20170131,48271,Kinney County,TX,100.00,0.00,0.00,0.00,0.00,0.00,2017-01-31,2017-02-06,1
20170124,48271,Kinney County,TX,100.00,0.00,0.00,0.00,0.00,0.00,2017-01-24,2017-01-30,1
20170117,48271,Kinney County,TX,100.00,0.00,0.00,0.00,0.00,0.00,2017-01-17,2017-01-23,1
20170110,48271,Kinney County,TX,100.00,0.00,0.00,0.00,0.00,0.00,2017-01-10,2017-01-16,1
20170103,48271,Kinney County,TX,100.00,0.00,0.00,0.00,0.00,0.00,2017-01-03,2017-01-09,1
20161227,48271,Kinney County,TX,100.00,0.00,0.00,0.00,0.00,0.00,2016-12-27,2017-01-02,1
20161220,48271,Kinney County,TX,100.00,0.00,0.00,0.00,0.00,0.00,2016-12-20,2016-12-26,1
20161213,48271,Kinney County,TX,100.00,0.00,0.00,0.00,0.00,0.00,2016-12-13,2016-12-19,1
20161206,48271,Kinney County,TX,100.00,0.00,0.00,0.00,0.00,0.00,2016-12-06,2016-12-12,1
20161129,48271,Kinney County,TX,100.00,0.00,0.00,0.00,0.00,0.00,2016-11-29,2016-12-05,1
20161122,48271,Kinney County,TX,100.00,0.00,0.00,0.00,0.00,0.00,2016-11-22,2016-11-28,1
20161115,48271,Kinney County,TX,100.00,0.00,0.00,0.00,0.00,0.00,2016-11-15,2016-11-21,1
20161108,48271,Kinney County,TX,100.00,0.00,0.00,0.00,0.00,0.00,2016-11-08,2016-11-14,1
20161101,48271,Kinney County,TX,100.00,0.00,0.00,0.00,0.00,0.00,2016-11-01,2016-11-07,1
20161025,48271,Kinney County,TX,100.00,0.00,0.00,0.00,0.00,0.00,2016-10-25,2016-10-31,1
20161018,48271,Kinney County,TX,100.00,0.00,0.00,0.00,0.00,0.00,2016-10-18,2016-10-24,1
20161011,48271,Kinney County,TX,100.00,0.00,0.00,0.00,0.00,0.00,2016-10-11,2016-10-17,1
20161004,48271,Kinney County,TX,100.00,0.00,0.00,0.00,0.00,0.00,2016-10-04,2016-10-10,1
20160927,48271,Kinney County,TX,100.00,0.00,0.00,0.00,0.00,0.00,2016-09-27,2016-10-03,1
20160920,48271,Kinney County,TX,100.00,0.00,0.00,0.00,0.00,0.00,2016-09-20,2016-09-26,1
20160913,48271,Kinney County,TX,100.00,0.00,0.00,0.00,0.00,0.00,2016-09-13,2016-09-19,1
20160906,48271,Kinney County,TX,100.00,0.00,0.00,0.00,0.00,0.00,2016-09-06,2016-09-12,1
20160830,48271,Kinney County,TX,100.00,0.00,0.00,0.00,0.00,0.00,2016-08-30,2016-09-05,1
20160823,48271,Kinney County,TX,100.00,0.00,0.00,0.00,0.00,0.00,2016-08-23,2016-08-29,1
20160816,48271,Kinney County,TX,0.00,100.00,2.68,0.00,0.00,0.00,2016-08-16,2016-08-22,1
20160809,48271,Kinney County,TX,0.00,100.00,82.17,0.00,0.00,0.00,2016-08-09,2016-08-15,1
20160802,48271,Kinney County,TX,0.00,100.00,37.15,0.00,0.00,0.00,2016-08-02,2016-08-08,1
20160726,48271,Kinney County,TX,0.00,100.00,66.04,0.00,0.00,0.00,2016-07-26,2016-08-01,1
20160719,48271,Kinney County,TX,0.00,100.00,8.00,0.00,0.00,0.00,2016-07-19,2016-07-25,1
20160712,48271,Kinney County,TX,50.25,49.75,0.00,0.00,0.00,0.00,2016-07-12,2016-07-18,1
20160705,48271,Kinney County,TX,50.25,49.75,0.00,0.00,0.00,0.00,2016-07-05,2016-07-11,1
20160628,48271,Kinney County,TX,100.00,0.00,0.00,0.00,0.00,0.00,2016-06-28,2016-07-04,1
20160621,48271,Kinney County,TX,100.00,0.00,0.00,0.00,0.00,0.00,2016-06-21,2016-06-27,1
20160614,48271,Kinney County,TX,100.00,0.00,0.00,0.00,0.00,0.00,2016-06-14,2016-06-20,1
20160607,48271,Kinney County,TX,100.00,0.00,0.00,0.00,0.00,0.00,2016-06-07,2016-06-13,1
20160531,48271,Kinney County,TX,100.00,0.00,0.00,0.00,0.00,0.00,2016-05-31,2016-06-06,1
20160524,48271,Kinney County,TX,100.00,0.00,0.00,0.00,0.00,0.00,2016-05-24,2016-05-30,1
20160517,48271,Kinney County,TX,100.00,0.00,0.00,0.00,0.00,0.00,2016-05-17,2016-05-23,1
20160510,48271,Kinney County,TX,100.00,0.00,0.00,0.00,0.00,0.00,2016-05-10,2016-05-16,1
20160503,48271,Kinney County,TX,100.00,0.00,0.00,0.00,0.00,0.00,2016-05-03,2016-05-09,1
20160426,48271,Kinney County,TX,100.00,0.00,0.00,0.00,0.00,0.00,2016-04-26,2016-05-02,1
20160419,48271,Kinney County,TX,100.00,0.00,0.00,0.00,0.00,0.00,2016-04-19,2016-04-25,1
20160412,48271,Kinney County,TX,100.00,0.00,0.00,0.00,0.00,0.00,2016-04-12,2016-04-18,1
20160405,48271,Kinney County,TX,100.00,0.00,0.00,0.00,0.00,0.00,2016-04-05,2016-04-11,1
20160329,48271,Kinney County,TX,100.00,0.00,0.00,0.00,0.00,0.00,2016-03-29,2016-04-04,1
20160322,48271,Kinney County,TX,100.00,0.00,0.00,0.00,0.00,0.00,2016-03-22,2016-03-28,1
20160315,48271,Kinney County,TX,100.00,0.00,0.00,0.00,0.00,0.00,2016-03-15,2016-03-21,1
20160308,48271,Kinney County,TX,84.92,15.08,0.00,0.00,0.00,0.00,2016-03-08,2016-03-14,1
20160301,48271,Kinney County,TX,84.92,15.08,0.00,0.00,0.00,0.00,2016-03-01,2016-03-07,1
20160223,48271,Kinney County,TX,84.92,15.08,0.00,0.00,0.00,0.00,2016-02-23,2016-02-29,1
20160216,48271,Kinney County,TX,0.00,100.00,0.00,0.00,0.00,0.00,2016-02-16,2016-02-22,1
20160209,48271,Kinney County,TX,100.00,0.00,0.00,0.00,0.00,0.00,2016-02-09,2016-02-15,1
20160202,48271,Kinney County,TX,100.00,0.00,0.00,0.00,0.00,0.00,2016-02-02,2016-02-08,1
20160126,48271,Kinney County,TX,100.00,0.00,0.00,0.00,0.00,0.00,2016-01-26,2016-02-01,1
20160119,48271,Kinney County,TX,100.00,0.00,0.00,0.00,0.00,0.00,2016-01-19,2016-01-25,1
20160112,48271,Kinney County,TX,100.00,0.00,0.00,0.00,0.00,0.00,2016-01-12,2016-01-18,1
20160105,48271,Kinney County,TX,100.00,0.00,0.00,0.00,0.00,0.00,2016-01-05,2016-01-11,1
20151229,48271,Kinney County,TX,100.00,0.00,0.00,0.00,0.00,0.00,2015-12-29,2016-01-04,1
20151222,48271,Kinney County,TX,100.00,0.00,0.00,0.00,0.00,0.00,2015-12-22,2015-12-28,1
20151215,48271,Kinney County,TX,100.00,0.00,0.00,0.00,0.00,0.00,2015-12-15,2015-12-21,1
20151208,48271,Kinney County,TX,100.00,0.00,0.00,0.00,0.00,0.00,2015-12-08,2015-12-14,1
20151201,48271,Kinney County,TX,100.00,0.00,0.00,0.00,0.00,0.00,2015-12-01,2015-12-07,1
20151124,48271,Kinney County,TX,100.00,0.00,0.00,0.00,0.00,0.00,2015-11-24,2015-11-30,1
20151117,48271,Kinney County,TX,100.00,0.00,0.00,0.00,0.00,0.00,2015-11-17,2015-11-23,1
20151110,48271,Kinney County,TX,100.00,0.00,0.00,0.00,0.00,0.00,2015-11-10,2015-11-16,1
20151103,48271,Kinney County,TX,100.00,0.00,0.00,0.00,0.00,0.00,2015-11-03,2015-11-09,1
20151027,48271,Kinney County,TX,100.00,0.00,0.00,0.00,0.00,0.00,2015-10-27,2015-11-02,1
20151020,48271,Kinney County,TX,74.13,25.87,0.00,0.00,0.00,0.00,2015-10-20,2015-10-26,1
20151013,48271,Kinney County,TX,9.03,90.97,0.00,0.00,0.00,0.00,2015-10-13,2015-10-19,1
20151006,48271,Kinney County,TX,0.00,100.00,91.08,17.30,0.25,0.00,2015-10-06,2015-10-12,1
20150929,48271,Kinney County,TX,0.00,100.00,88.66,2.07,0.00,0.00,2015-09-29,2015-10-05,1
20150922,48271,Kinney County,TX,0.53,99.47,9.62,0.00,0.00,0.00,2015-09-22,2015-09-28,1
20150915,48271,Kinney County,TX,21.46,78.54,9.13,0.00,0.00,0.00,2015-09-15,2015-09-21,1
20150908,48271,Kinney County,TX,0.00,100.00,79.82,0.00,0.00,0.00,2015-09-08,2015-09-14,1
20150901,48271,Kinney County,TX,0.27,99.73,7.48,0.00,0.00,0.00,2015-09-01,2015-09-07,1
20150825,48271,Kinney County,TX,15.05,84.95,0.00,0.00,0.00,0.00,2015-08-25,2015-08-31,1
20150818,48271,Kinney County,TX,99.67,0.33,0.00,0.00,0.00,0.00,2015-08-18,2015-08-24,1
20150811,48271,Kinney County,TX,100.00,0.00,0.00,0.00,0.00,0.00,2015-08-11,2015-08-17,1
20150804,48271,Kinney County,TX,100.00,0.00,0.00,0.00,0.00,0.00,2015-08-04,2015-08-10,1
20150728,48271,Kinney County,TX,100.00,0.00,0.00,0.00,0.00,0.00,2015-07-28,2015-08-03,1
20150721,48271,Kinney County,TX,100.00,0.00,0.00,0.00,0.00,0.00,2015-07-21,2015-07-27,1
20150714,48271,Kinney County,TX,100.00,0.00,0.00,0.00,0.00,0.00,2015-07-14,2015-07-20,1
20150707,48271,Kinney County,TX,100.00,0.00,0.00,0.00,0.00,0.00,2015-07-07,2015-07-13,1
20150630,48271,Kinney County,TX,100.00,0.00,0.00,0.00,0.00,0.00,2015-06-30,2015-07-06,1
20150623,48271,Kinney County,TX,100.00,0.00,0.00,0.00,0.00,0.00,2015-06-23,2015-06-29,1
20150616,48271,Kinney County,TX,100.00,0.00,0.00,0.00,0.00,0.00,2015-06-16,2015-06-22,1
20150609,48271,Kinney County,TX,100.00,0.00,0.00,0.00,0.00,0.00,2015-06-09,2015-06-15,1
20150602,48271,Kinney County,TX,100.00,0.00,0.00,0.00,0.00,0.00,2015-06-02,2015-06-08,1
20150526,48271,Kinney County,TX,100.00,0.00,0.00,0.00,0.00,0.00,2015-05-26,2015-06-01,1
20150519,48271,Kinney County,TX,100.00,0.00,0.00,0.00,0.00,0.00,2015-05-19,2015-05-25,1
20150512,48271,Kinney County,TX,97.21,2.79,0.00,0.00,0.00,0.00,2015-05-12,2015-05-18,1
20150505,48271,Kinney County,TX,97.21,2.79,0.00,0.00,0.00,0.00,2015-05-05,2015-05-11,1
20150428,48271,Kinney County,TX,97.21,2.79,0.00,0.00,0.00,0.00,2015-04-28,2015-05-04,1
20150421,48271,Kinney County,TX,91.81,8.19,0.00,0.00,0.00,0.00,2015-04-21,2015-04-27,1
20150414,48271,Kinney County,TX,91.14,8.86,0.00,0.00,0.00,0.00,2015-04-14,2015-04-20,1
20150407,48271,Kinney County,TX,91.96,8.04,0.00,0.00,0.00,0.00,2015-04-07,2015-04-13,1
20150331,48271,Kinney County,TX,91.96,8.04,0.00,0.00,0.00,0.00,2015-03-31,2015-04-06,1
20150324,48271,Kinney County,TX,91.96,8.04,0.00,0.00,0.00,0.00,2015-03-24,2015-03-30,1
20150317,48271,Kinney County,TX,45.71,54.29,7.32,0.00,0.00,0.00,2015-03-17,2015-03-23,1
20150310,48271,Kinney County,TX,45.71,54.29,7.32,0.00,0.00,0.00,2015-03-10,2015-03-16,1
20150303,48271,Kinney County,TX,45.71,54.29,6.96,0.00,0.00,0.00,2015-03-03,2015-03-09,1
20150224,48271,Kinney County,TX,45.71,54.29,6.96,0.00,0.00,0.00,2015-02-24,2015-03-02,1
20150217,48271,Kinney County,TX,45.71,54.29,6.96,0.00,0.00,0.00,2015-02-17,2015-02-23,1
20150210,48271,Kinney County,TX,45.71,54.29,6.96,0.00,0.00,0.00,2015-02-10,2015-02-16,1
20150203,48271,Kinney County,TX,45.74,54.26,6.96,0.00,0.00,0.00,2015-02-03,2015-02-09,1
20150127,48271,Kinney County,TX,45.74,54.26,6.96,0.00,0.00,0.00,2015-01-27,2015-02-02,1
20150120,48271,Kinney County,TX,16.29,83.71,34.34,0.00,0.00,0.00,2015-01-20,2015-01-26,1
20150113,48271,Kinney County,TX,16.29,83.71,35.79,0.00,0.00,0.00,2015-01-13,2015-01-19,1
20150106,48271,Kinney County,TX,16.29,83.71,35.79,0.00,0.00,0.00,2015-01-06,2015-01-12,1
20141230,48271,Kinney County,TX,16.29,83.71,35.79,0.00,0.00,0.00,2014-12-30,2015-01-05,1
20141223,48271,Kinney County,TX,16.29,83.71,19.14,0.00,0.00,0.00,2014-12-23,2014-12-29,1
20141216,48271,Kinney County,TX,16.29,83.71,19.14,0.00,0.00,0.00,2014-12-16,2014-12-22,1
20141209,48271,Kinney County,TX,16.29,83.71,19.14,0.00,0.00,0.00,2014-12-09,2014-12-15,1
20141202,48271,Kinney County,TX,16.29,83.71,19.14,0.00,0.00,0.00,2014-12-02,2014-12-08,1
20141125,48271,Kinney County,TX,16.29,83.71,19.14,0.00,0.00,0.00,2014-11-25,2014-12-01,1
20141118,48271,Kinney County,TX,16.30,83.70,19.14,0.00,0.00,0.00,2014-11-18,2014-11-24,1
20141111,48271,Kinney County,TX,16.30,83.70,19.14,0.00,0.00,0.00,2014-11-11,2014-11-17,1
20141104,48271,Kinney County,TX,16.24,83.76,51.56,1.72,0.00,0.00,2014-11-04,2014-11-10,1
20141028,48271,Kinney County,TX,16.17,83.83,51.56,1.72,0.00,0.00,2014-10-28,2014-11-03,1
20141021,48271,Kinney County,TX,16.20,83.80,46.21,1.72,0.00,0.00,2014-10-21,2014-10-27,1
20141014,48271,Kinney County,TX,16.20,83.80,46.21,1.72,0.00,0.00,2014-10-14,2014-10-20,1
20141007,48271,Kinney County,TX,16.20,83.80,46.21,1.72,0.00,0.00,2014-10-07,2014-10-13,1
20140930,48271,Kinney County,TX,16.20,83.80,45.60,1.72,0.00,0.00,2014-09-30,2014-10-06,1
20140923,48271,Kinney County,TX,16.20,83.80,45.60,1.72,0.00,0.00,2014-09-23,2014-09-29,1
20140916,48271,Kinney County,TX,16.20,83.80,45.60,1.72,0.00,0.00,2014-09-16,2014-09-22,1
20140909,48271,Kinney County,TX,0.00,100.00,45.60,1.72,0.00,0.00,2014-09-09,2014-09-15,1
20140902,48271,Kinney County,TX,0.00,100.00,44.78,7.36,0.00,0.00,2014-09-02,2014-09-08,1
20140826,48271,Kinney County,TX,20.95,79.05,44.47,7.36,0.00,0.00,2014-08-26,2014-09-01,1
20140819,48271,Kinney County,TX,20.95,79.05,44.47,7.36,0.00,0.00,2014-08-19,2014-08-25,1
20140812,48271,Kinney County,TX,13.22,86.78,56.17,33.63,0.00,0.00,2014-08-12,2014-08-18,1
20140805,48271,Kinney County,TX,13.34,86.66,56.12,33.63,0.00,0.00,2014-08-05,2014-08-11,1
20140729,48271,Kinney County,TX,26.24,73.76,56.12,32.63,0.10,0.00,2014-07-29,2014-08-04,1
20140722,48271,Kinney County,TX,26.24,73.76,56.12,32.63,0.10,0.00,2014-07-22,2014-07-28,1
20140715,48271,Kinney County,TX,20.05,79.95,56.12,32.63,0.40,0.00,2014-07-15,2014-07-21,1
20140708,48271,Kinney County,TX,20.05,79.95,56.12,32.63,0.40,0.00,2014-07-08,2014-07-14,1
20140701,48271,Kinney County,TX,20.05,79.95,56.12,32.10,0.40,0.00,2014-07-01,2014-07-07,1
20140624,48271,Kinney County,TX,20.05,79.95,56.12,32.10,0.40,0.00,2014-06-24,2014-06-30,1
20140617,48271,Kinney County,TX,0.00,100.00,93.41,77.28,51.88,0.13,2014-06-17,2014-06-23,1
20140610,48271,Kinney County,TX,0.00,100.00,93.41,77.28,51.88,0.10,2014-06-10,2014-06-16,1
20140603,48271,Kinney County,TX,0.00,100.00,93.41,77.28,51.88,0.10,2014-06-03,2014-06-09,1
20140527,48271,Kinney County,TX,0.00,100.00,100.00,99.52,95.91,67.48,2014-05-27,2014-06-02,1
20140520,48271,Kinney County,TX,0.00,100.00,100.00,100.00,96.17,67.95,2014-05-20,2014-05-26,1
20140513,48271,Kinney County,TX,0.00,100.00,100.00,100.00,72.43,15.27,2014-05-13,2014-05-19,1
20140506,48271,Kinney County,TX,0.00,100.00,100.00,100.00,100.00,15.27,2014-05-06,2014-05-12,1
20140429,48271,Kinney County,TX,0.00,100.00,100.00,100.00,88.60,12.08,2014-04-29,2014-05-05,1
20140422,48271,Kinney County,TX,0.00,100.00,100.00,89.18,69.85,0.00,2014-04-22,2014-04-28,1
20140415,48271,Kinney County,TX,0.00,100.00,90.46,72.33,0.00,0.00,2014-04-15,2014-04-21,1
20140408,48271,Kinney County,TX,0.00,100.00,73.06,0.00,0.00,0.00,2014-04-08,2014-04-14,1
20140401,48271,Kinney County,TX,0.00,100.00,73.06,0.00,0.00,0.00,2014-04-01,2014-04-07,1
20140325,48271,Kinney County,TX,0.00,100.00,72.64,0.00,0.00,0.00,2014-03-25,2014-03-31,1
20140318,48271,Kinney County,TX,0.00,100.00,71.82,0.00,0.00,0.00,2014-03-18,2014-03-24,1
20140311,48271,Kinney County,TX,0.00,100.00,71.82,0.00,0.00,0.00,2014-03-11,2014-03-17,1
20140304,48271,Kinney County,TX,0.00,100.00,45.03,0.00,0.00,0.00,2014-03-04,2014-03-10,1
20140225,48271,Kinney County,TX,0.00,100.00,100.00,46.56,0.00,0.00,2014-02-25,2014-03-03,1
20140218,48271,Kinney County,TX,0.00,100.00,91.64,9.17,0.00,0.00,2014-02-18,2014-02-24,1
20140211,48271,Kinney County,TX,0.00,100.00,78.78,9.17,0.00,0.00,2014-02-11,2014-02-17,1
20140204,48271,Kinney County,TX,0.00,100.00,78.78,9.17,0.00,0.00,2014-02-04,2014-02-10,1
20140128,48271,Kinney County,TX,0.00,100.00,78.78,9.04,0.00,0.00,2014-01-28,2014-02-03,1
20140121,48271,Kinney County,TX,0.00,100.00,78.78,9.04,0.00,0.00,2014-01-21,2014-01-27,1
20140114,48271,Kinney County,TX,0.00,100.00,78.78,9.04,0.00,0.00,2014-01-14,2014-01-20,1
20140107,48271,Kinney County,TX,0.00,100.00,78.78,9.04,0.00,0.00,2014-01-07,2014-01-13,1
20131231,48271,Kinney County,TX,0.00,100.00,78.78,9.04,0.00,0.00,2013-12-31,2014-01-06,1
20131224,48271,Kinney County,TX,0.00,100.00,78.78,9.04,0.00,0.00,2013-12-24,2013-12-30,1
20131217,48271,Kinney County,TX,0.00,100.00,78.78,9.04,0.00,0.00,2013-12-17,2013-12-23,1
20131210,48271,Kinney County,TX,0.00,100.00,78.78,9.04,0.00,0.00,2013-12-10,2013-12-16,1
20131203,48271,Kinney County,TX,0.00,100.00,78.78,9.04,0.00,0.00,2013-12-03,2013-12-09,1
20131126,48271,Kinney County,TX,0.00,100.00,78.78,9.04,0.00,0.00,2013-11-26,2013-12-02,1
20131119,48271,Kinney County,TX,0.00,100.00,78.79,9.04,0.00,0.00,2013-11-19,2013-11-25,1
20131112,48271,Kinney County,TX,0.00,100.00,78.79,9.04,0.00,0.00,2013-11-12,2013-11-18,1
20131105,48271,Kinney County,TX,0.00,100.00,78.79,9.04,0.00,0.00,2013-11-05,2013-11-11,1
20131029,48271,Kinney County,TX,0.00,100.00,76.81,9.06,0.00,0.00,2013-10-29,2013-11-04,1
20131022,48271,Kinney County,TX,0.00,100.00,76.81,9.06,0.00,0.00,2013-10-22,2013-10-28,1
20131015,48271,Kinney County,TX,0.00,100.00,75.82,9.06,0.00,0.00,2013-10-15,2013-10-21,1
20131008,48271,Kinney County,TX,0.00,100.00,100.00,65.15,0.00,0.00,2013-10-08,2013-10-14,1
20131001,48271,Kinney County,TX,0.00,100.00,100.00,65.15,0.00,0.00,2013-10-01,2013-10-07,1
20130924,48271,Kinney County,TX,0.00,100.00,100.00,100.00,0.00,0.00,2013-09-24,2013-09-30,1
20130917,48271,Kinney County,TX,0.00,100.00,100.00,100.00,0.00,0.00,2013-09-17,2013-09-23,1
20130910,48271,Kinney County,TX,0.00,100.00,100.00,100.00,0.00,0.00,2013-09-10,2013-09-16,1
20130903,48271,Kinney County,TX,0.00,100.00,100.00,100.00,0.00,0.00,2013-09-03,2013-09-09,1
20130827,48271,Kinney County,TX,0.00,100.00,100.00,100.00,6.88,0.00,2013-08-27,2013-09-02,1
20130820,48271,Kinney County,TX,0.00,100.00,100.00,100.00,6.88,0.00,2013-08-20,2013-08-26,1
20130813,48271,Kinney County,TX,0.00,100.00,100.00,100.00,6.88,0.00,2013-08-13,2013-08-19,1
20130806,48271,Kinney County,TX,0.00,100.00,100.00,100.00,6.88,0.00,2013-08-06,2013-08-12,1
20130730,48271,Kinney County,TX,0.00,100.00,100.00,100.00,6.88,0.00,2013-07-30,2013-08-05,1
20130723,48271,Kinney County,TX,0.00,100.00,100.00,100.00,6.88,0.00,2013-07-23,2013-07-29,1
20130716,48271,Kinney County,TX,0.00,100.00,100.00,100.00,78.21,0.00,2013-07-16,2013-07-22,1
20130709,48271,Kinney County,TX,0.00,100.00,100.00,100.00,78.21,0.00,2013-07-09,2013-07-15,1
20130702,48271,Kinney County,TX,0.00,100.00,100.00,100.00,78.21,0.00,2013-07-02,2013-07-08,1
20130625,48271,Kinney County,TX,0.00,100.00,100.00,100.00,78.21,0.00,2013-06-25,2013-07-01,1
20130618,48271,Kinney County,TX,0.00,100.00,100.00,100.00,78.21,0.00,2013-06-18,2013-06-24,1
20130611,48271,Kinney County,TX,0.00,100.00,100.00,100.00,91.96,57.18,2013-06-11,2013-06-17,1
20130604,48271,Kinney County,TX,0.00,100.00,100.00,100.00,91.78,56.29,2013-06-04,2013-06-10,1
20130528,48271,Kinney County,TX,0.00,100.00,100.00,100.00,91.78,56.29,2013-05-28,2013-06-03,1
20130521,48271,Kinney County,TX,0.00,100.00,100.00,100.00,100.00,69.52,2013-05-21,2013-05-27,1
20130514,48271,Kinney County,TX,0.00,100.00,100.00,100.00,100.00,97.61,2013-05-14,2013-05-20,1
20130507,48271,Kinney County,TX,0.00,100.00,100.00,100.00,100.00,96.73,2013-05-07,2013-05-13,1
20130430,48271,Kinney County,TX,0.00,100.00,100.00,100.00,100.00,96.73,2013-04-30,2013-05-06,1
20130423,48271,Kinney County,TX,0.00,100.00,100.00,100.00,100.00,96.73,2013-04-23,2013-04-29,1
20130416,48271,Kinney County,TX,0.00,100.00,100.00,100.00,100.00,96.73,2013-04-16,2013-04-22,1
20130409,48271,Kinney County,TX,0.00,100.00,100.00,100.00,100.00,96.73,2013-04-09,2013-04-15,1
20130402,48271,Kinney County,TX,0.00,100.00,100.00,100.00,100.00,96.73,2013-04-02,2013-04-08,1
20130326,48271,Kinney County,TX,0.00,100.00,100.00,100.00,100.00,92.84,2013-03-26,2013-04-01,1
20130319,48271,Kinney County,TX,0.00,100.00,100.00,100.00,100.00,92.84,2013-03-19,2013-03-25,1
20130312,48271,Kinney County,TX,0.00,100.00,100.00,100.00,100.00,92.34,2013-03-12,2013-03-18,1
20130305,48271,Kinney County,TX,0.00,100.00,100.00,100.00,100.00,92.34,2013-03-05,2013-03-11,1
20130226,48271,Kinney County,TX,0.00,100.00,100.00,100.00,100.00,57.01,2013-02-26,2013-03-04,1
20130219,48271,Kinney County,TX,0.00,100.00,100.00,100.00,100.00,57.01,2013-02-19,2013-02-25,1
20130212,48271,Kinney County,TX,0.00,100.00,100.00,100.00,100.00,0.00,2013-02-12,2013-02-18,1
20130205,48271,Kinney County,TX,0.00,100.00,100.00,100.00,72.98,0.00,2013-02-05,2013-02-11,1
20130129,48271,Kinney County,TX,0.00,100.00,100.00,100.00,66.62,0.00,2013-01-29,2013-02-04,1
20130122,48271,Kinney County,TX,0.00,100.00,100.00,93.23,66.62,0.00,2013-01-22,2013-01-28,1
20130115,48271,Kinney County,TX,0.00,100.00,100.00,93.23,66.62,0.00,2013-01-15,2013-01-21,1
20130108,48271,Kinney County,TX,0.00,100.00,100.00,94.81,53.29,0.00,2013-01-08,2013-01-14,1
20130101,48271,Kinney County,TX,0.00,100.00,100.00,94.81,53.29,0.00,2013-01-01,2013-01-07,1
20121225,48271,Kinney County,TX,0.00,100.00,100.00,94.81,53.29,0.00,2012-12-25,2012-12-31,1
20121218,48271,Kinney County,TX,0.00,100.00,100.00,94.81,53.29,0.00,2012-12-18,2012-12-24,1
20121211,48271,Kinney County,TX,0.00,100.00,100.00,94.81,53.29,0.00,2012-12-11,2012-12-17,1
20121204,48271,Kinney County,TX,0.00,100.00,100.00,94.81,11.78,0.00,2012-12-04,2012-12-10,1
20121127,48271,Kinney County,TX,0.00,100.00,100.00,94.81,0.00,0.00,2012-11-27,2012-12-03,1
20121120,48271,Kinney County,TX,0.00,100.00,100.00,94.81,0.00,0.00,2012-11-20,2012-11-26,1
20121113,48271,Kinney County,TX,0.00,100.00,100.00,20.84,0.00,0.00,2012-11-13,2012-11-19,1
20121106,48271,Kinney County,TX,0.00,100.00,81.29,0.00,0.00,0.00,2012-11-06,2012-11-12,1
20121030,48271,Kinney County,TX,0.00,100.00,46.00,0.00,0.00,0.00,2012-10-30,2012-11-05,1
20121023,48271,Kinney County,TX,0.00,100.00,100.00,0.00,0.00,0.00,2012-10-23,2012-10-29,1
20121016,48271,Kinney County,TX,0.00,100.00,100.00,0.00,0.00,0.00,2012-10-16,2012-10-22,1
20121009,48271,Kinney County,TX,0.00,100.00,100.00,0.00,0.00,0.00,2012-10-09,2012-10-15,1
20121002,48271,Kinney County,TX,0.00,100.00,100.00,0.00,0.00,0.00,2012-10-02,2012-10-08,1
20120925,48271,Kinney County,TX,0.00,100.00,100.00,100.00,0.00,0.00,2012-09-25,2012-10-01,1
20120918,48271,Kinney County,TX,0.00,100.00,100.00,100.00,0.00,0.00,2012-09-18,2012-09-24,1
20120911,48271,Kinney County,TX,0.00,100.00,100.00,100.00,0.00,0.00,2012-09-11,2012-09-17,1
20120904,48271,Kinney County,TX,0.00,100.00,100.00,89.45,0.00,0.00,2012-09-04,2012-09-10,1
20120828,48271,Kinney County,TX,0.00,100.00,100.00,80.72,0.00,0.00,2012-08-28,2012-09-03,1
20120821,48271,Kinney County,TX,0.00,100.00,100.00,79.35,0.00,0.00,2012-08-21,2012-08-27,1
20120814,48271,Kinney County,TX,0.00,100.00,100.00,78.16,0.00,0.00,2012-08-14,2012-08-20,1
20120807,48271,Kinney County,TX,0.00,100.00,100.00,46.52,0.00,0.00,2012-08-07,2012-08-13,1
20120731,48271,Kinney County,TX,0.00,100.00,100.00,42.69,0.00,0.00,2012-07-31,2012-08-06,1
20120724,48271,Kinney County,TX,0.00,100.00,100.00,41.73,0.00,0.00,2012-07-24,2012-07-30,1
20120717,48271,Kinney County,TX,0.00,100.00,100.00,0.00,0.00,0.00,2012-07-17,2012-07-23,1
20120710,48271,Kinney County,TX,0.00,100.00,100.00,99.44,0.00,0.00,2012-07-10,2012-07-16,1
20120703,48271,Kinney County,TX,0.00,100.00,100.00,99.44,0.00,0.00,2012-07-03,2012-07-09,1
20120626,48271,Kinney County,TX,0.00,100.00,100.00,68.84,0.00,0.00,2012-06-26,2012-07-02,1
20120619,48271,Kinney County,TX,0.00,100.00,100.00,64.93,0.00,0.00,2012-06-19,2012-06-25,1
20120612,48271,Kinney County,TX,0.00,100.00,100.00,64.93,0.00,0.00,2012-06-12,2012-06-18,1
20120605,48271,Kinney County,TX,0.00,100.00,99.43,64.93,0.00,0.00,2012-06-05,2012-06-11,1
20120529,48271,Kinney County,TX,0.00,100.00,99.43,0.00,0.00,0.00,2012-05-29,2012-06-04,1
20120522,48271,Kinney County,TX,0.00,100.00,99.43,83.78,0.00,0.00,2012-05-22,2012-05-28,1
20120515,48271,Kinney County,TX,0.00,100.00,99.43,83.78,0.00,0.00,2012-05-15,2012-05-21,1
20120508,48271,Kinney County,TX,0.00,100.00,100.00,83.90,59.81,0.00,2012-05-08,2012-05-14,1
20120501,48271,Kinney County,TX,0.00,100.00,100.00,83.90,59.81,0.00,2012-05-01,2012-05-07,1
20120424,48271,Kinney County,TX,0.00,100.00,100.00,82.22,59.81,0.00,2012-04-24,2012-04-30,1
20120417,48271,Kinney County,TX,0.00,100.00,100.00,82.22,59.81,0.00,2012-04-17,2012-04-23,1
20120410,48271,Kinney County,TX,0.00,100.00,100.00,82.22,59.81,0.00,2012-04-10,2012-04-16,1
20120403,48271,Kinney County,TX,0.00,100.00,100.00,82.22,59.81,0.00,2012-04-03,2012-04-09,1
20120327,48271,Kinney County,TX,0.00,100.00,100.00,99.99,76.09,0.00,2012-03-27,2012-04-02,1
20120320,48271,Kinney County,TX,0.00,100.00,100.00,99.99,76.09,0.00,2012-03-20,2012-03-26,1
20120313,48271,Kinney County,TX,0.00,100.00,100.00,99.99,80.22,0.00,2012-03-13,2012-03-19,1
20120306,48271,Kinney County,TX,0.00,100.00,100.00,99.99,80.22,0.00,2012-03-06,2012-03-12,1
20120228,48271,Kinney County,TX,0.00,100.00,100.00,99.99,80.22,0.00,2012-02-28,2012-03-05,1
20120221,48271,Kinney County,TX,0.00,100.00,100.00,99.99,80.22,0.00,2012-02-21,2012-02-27,1
20120214,48271,Kinney County,TX,0.00,100.00,100.00,100.00,78.52,37.49,2012-02-14,2012-02-20,1
20120207,48271,Kinney County,TX,0.00,100.00,100.00,100.00,78.52,42.39,2012-02-07,2012-02-13,1
20120131,48271,Kinney County,TX,0.00,100.00,100.00,100.00,79.47,42.39,2012-01-31,2012-02-06,1
20120124,48271,Kinney County,TX,0.00,100.00,100.00,100.00,79.47,42.39,2012-01-24,2012-01-30,1
20120117,48271,Kinney County,TX,0.00,100.00,100.00,100.00,79.47,42.39,2012-01-17,2012-01-23,1
20120110,48271,Kinney County,TX,0.00,100.00,100.00,100.00,79.47,42.39,2012-01-10,2012-01-16,1
20120103,48271,Kinney County,TX,0.00,100.00,100.00,100.00,96.96,42.39,2012-01-03,2012-01-09,1
20111227,48271,Kinney County,TX,0.00,100.00,100.00,100.00,96.96,42.39,2011-12-27,2012-01-02,1
20111220,48271,Kinney County,TX,0.00,100.00,100.00,100.00,96.96,42.39,2011-12-20,2011-12-26,1
20111213,48271,Kinney County,TX,0.00,100.00,100.00,100.00,96.96,42.39,2011-12-13,2011-12-19,1
20111206,48271,Kinney County,TX,0.00,100.00,100.00,100.00,96.96,42.39,2011-12-06,2011-12-12,1
20111129,48271,Kinney County,TX,0.00,100.00,100.00,100.00,96.96,44.08,2011-11-29,2011-12-05,1
20111122,48271,Kinney County,TX,0.00,100.00,100.00,100.00,96.96,47.64,2011-11-22,2011-11-28,1
20111115,48271,Kinney County,TX,0.00,100.00,100.00,100.00,96.96,47.64,2011-11-15,2011-11-21,1
20111108,48271,Kinney County,TX,0.00,100.00,100.00,100.00,97.33,44.65,2011-11-08,2011-11-14,1
20111101,48271,Kinney County,TX,0.00,100.00,100.00,100.00,97.29,0.00,2011-11-01,2011-11-07,1
20111025,48271,Kinney County,TX,0.00,100.00,100.00,100.00,97.29,0.00,2011-10-25,2011-10-31,1
20111018,48271,Kinney County,TX,0.00,100.00,100.00,100.00,97.29,0.00,2011-10-18,2011-10-24,1
20111011,48271,Kinney County,TX,0.00,100.00,100.00,100.00,97.29,0.00,2011-10-11,2011-10-17,1
20111004,48271,Kinney County,TX,0.00,100.00,100.00,100.00,97.29,15.63,2011-10-04,2011-10-10,1
20110927,48271,Kinney County,TX,0.00,100.00,100.00,100.00,22.39,0.00,2011-09-27,2011-10-03,1
20110920,48271,Kinney County,TX,0.00,100.00,100.00,100.00,22.39,0.00,2011-09-20,2011-09-26,1
20110913,48271,Kinney County,TX,0.00,100.00,100.00,100.00,22.39,0.00,2011-09-13,2011-09-19,1
20110906,48271,Kinney County,TX,0.00,100.00,100.00,100.00,22.39,0.00,2011-09-06,2011-09-12,1
20110830,48271,Kinney County,TX,0.00,100.00,100.00,100.00,22.39,0.00,2011-08-30,2011-09-05,1
20110823,48271,Kinney County,TX,0.00,100.00,100.00,100.00,22.39,0.00,2011-08-23,2011-08-29,1
20110816,48271,Kinney County,TX,0.00,100.00,100.00,100.00,22.39,0.00,2011-08-16,2011-08-22,1
20110809,48271,Kinney County,TX,0.00,100.00,100.00,100.00,83.98,16.56,2011-08-09,2011-08-15,1
20110802,48271,Kinney County,TX,0.00,100.00,100.00,100.00,83.98,16.56,2011-08-02,2011-08-08,1
20110726,48271,Kinney County,TX,0.00,100.00,100.00,100.00,100.00,16.56,2011-07-26,2011-08-01,1
20110719,48271,Kinney County,TX,0.00,100.00,100.00,100.00,100.00,100.00,2011-07-19,2011-07-25,1
20110712,48271,Kinney County,TX,0.00,100.00,100.00,100.00,100.00,100.00,2011-07-12,2011-07-18,1
20110705,48271,Kinney County,TX,0.00,100.00,100.00,100.00,100.00,100.00,2011-07-05,2011-07-11,1
20110628,48271,Kinney County,TX,0.00,100.00,100.00,100.00,100.00,100.00,2011-06-28,2011-07-04,1
20110621,48271,Kinney County,TX,0.00,100.00,100.00,100.00,100.00,100.00,2011-06-21,2011-06-27,1
20110614,48271,Kinney County,TX,0.00,100.00,100.00,100.00,100.00,95.80,2011-06-14,2011-06-20,1
20110607,48271,Kinney County,TX,0.00,100.00,100.00,100.00,100.00,95.80,2011-06-07,2011-06-13,1
20110531,48271,Kinney County,TX,0.00,100.00,100.00,100.00,100.00,95.80,2011-05-31,2011-06-06,1
20110524,48271,Kinney County,TX,0.00,100.00,100.00,100.00,100.00,65.60,2011-05-24,2011-05-30,1
20110517,48271,Kinney County,TX,0.00,100.00,100.00,100.00,100.00,65.60,2011-05-17,2011-05-23,1
20110510,48271,Kinney County,TX,0.00,100.00,100.00,100.00,100.00,76.18,2011-05-10,2011-05-16,1
20110503,48271,Kinney County,TX,0.00,100.00,100.00,100.00,100.00,76.18,2011-05-03,2011-05-09,1
20110426,48271,Kinney County,TX,0.00,100.00,100.00,100.00,100.00,43.58,2011-04-26,2011-05-02,1
20110419,48271,Kinney County,TX,0.00,100.00,100.00,100.00,100.00,43.58,2011-04-19,2011-04-25,1
20110412,48271,Kinney County,TX,0.00,100.00,100.00,100.00,100.00,0.00,2011-04-12,2011-04-18,1
20110405,48271,Kinney County,TX,0.00,100.00,100.00,100.00,100.00,0.00,2011-04-05,2011-04-11,1
20110329,48271,Kinney County,TX,0.00,100.00,100.00,100.00,100.00,0.00,2011-03-29,2011-04-04,1
20110322,48271,Kinney County,TX,0.00,100.00,100.00,100.00,100.00,0.00,2011-03-22,2011-03-28,1
20110315,48271,Kinney County,TX,0.00,100.00,100.00,100.00,100.00,0.00,2011-03-15,2011-03-21,1
20110308,48271,Kinney County,TX,0.00,100.00,100.00,100.00,100.00,0.00,2011-03-08,2011-03-14,1
20110301,48271,Kinney County,TX,0.00,100.00,100.00,100.00,100.00,0.00,2011-03-01,2011-03-07,1
20110222,48271,Kinney County,TX,0.00,100.00,100.00,100.00,100.00,0.00,2011-02-22,2011-02-28,1
20110215,48271,Kinney County,TX,0.00,100.00,100.00,100.00,100.00,0.00,2011-02-15,2011-02-21,1
20110208,48271,Kinney County,TX,0.00,100.00,100.00,100.00,100.00,0.00,2011-02-08,2011-02-14,1
20110201,48271,Kinney County,TX,0.00,100.00,100.00,100.00,39.97,0.00,2011-02-01,2011-02-07,1
20110125,48271,Kinney County,TX,0.00,100.00,100.00,100.00,39.97,0.00,2011-01-25,2011-01-31,1
20110118,48271,Kinney County,TX,0.00,100.00,100.00,100.00,1.20,0.00,2011-01-18,2011-01-24,1
20110111,48271,Kinney County,TX,0.00,100.00,100.00,100.00,1.20,0.00,2011-01-11,2011-01-17,1
20110104,48271,Kinney County,TX,0.00,100.00,100.00,100.00,47.17,0.00,2011-01-04,2011-01-10,1
20101228,48271,Kinney County,TX,0.00,100.00,100.00,100.00,47.17,0.00,2010-12-28,2011-01-03,1
20101221,48271,Kinney County,TX,0.00,100.00,100.00,100.00,47.17,0.00,2010-12-21,2010-12-27,1
20101214,48271,Kinney County,TX,0.00,100.00,100.00,100.00,47.17,0.00,2010-12-14,2010-12-20,1
20101207,48271,Kinney County,TX,0.00,100.00,100.00,100.00,45.84,0.00,2010-12-07,2010-12-13,1
20101130,48271,Kinney County,TX,0.00,100.00,100.00,100.00,0.00,0.00,2010-11-30,2010-12-06,1
20101123,48271,Kinney County,TX,0.00,100.00,100.00,4.68,0.00,0.00,2010-11-23,2010-11-29,1
20101116,48271,Kinney County,TX,0.00,100.00,100.00,4.68,0.00,0.00,2010-11-16,2010-11-22,1
20101109,48271,Kinney County,TX,0.00,100.00,100.00,4.68,0.00,0.00,2010-11-09,2010-11-15,1
20101102,48271,Kinney County,TX,0.00,100.00,100.00,0.00,0.00,0.00,2010-11-02,2010-11-08,1
20101026,48271,Kinney County,TX,0.00,100.00,100.00,0.00,0.00,0.00,2010-10-26,2010-11-01,1
20101019,48271,Kinney County,TX,0.00,100.00,0.00,0.00,0.00,0.00,2010-10-19,2010-10-25,1
20101012,48271,Kinney County,TX,0.00,100.00,0.00,0.00,0.00,0.00,2010-10-12,2010-10-18,1
20101005,48271,Kinney County,TX,0.00,100.00,0.00,0.00,0.00,0.00,2010-10-05,2010-10-11,1
20100928,48271,Kinney County,TX,0.00,100.00,0.00,0.00,0.00,0.00,2010-09-28,2010-10-04,1
20100921,48271,Kinney County,TX,0.00,100.00,0.00,0.00,0.00,0.00,2010-09-21,2010-09-27,1
20100914,48271,Kinney County,TX,0.00,100.00,0.00,0.00,0.00,0.00,2010-09-14,2010-09-20,1
20100907,48271,Kinney County,TX,0.00,100.00,0.00,0.00,0.00,0.00,2010-09-07,2010-09-13,1
20100831,48271,Kinney County,TX,0.00,100.00,67.63,0.00,0.00,0.00,2010-08-31,2010-09-06,1
20100824,48271,Kinney County,TX,0.41,99.59,0.00,0.00,0.00,0.00,2010-08-24,2010-08-30,1
20100817,48271,Kinney County,TX,100.00,0.00,0.00,0.00,0.00,0.00,2010-08-17,2010-08-23,1
20100810,48271,Kinney County,TX,100.00,0.00,0.00,0.00,0.00,0.00,2010-08-10,2010-08-16,1
20100803,48271,Kinney County,TX,100.00,0.00,0.00,0.00,0.00,0.00,2010-08-03,2010-08-09,1
20100727,48271,Kinney County,TX,100.00,0.00,0.00,0.00,0.00,0.00,2010-07-27,2010-08-02,1
20100720,48271,Kinney County,TX,100.00,0.00,0.00,0.00,0.00,0.00,2010-07-20,2010-07-26,1
20100713,48271,Kinney County,TX,100.00,0.00,0.00,0.00,0.00,0.00,2010-07-13,2010-07-19,1
20100706,48271,Kinney County,TX,100.00,0.00,0.00,0.00,0.00,0.00,2010-07-06,2010-07-12,1
20100629,48271,Kinney County,TX,100.00,0.00,0.00,0.00,0.00,0.00,2010-06-29,2010-07-05,1
20100622,48271,Kinney County,TX,62.91,37.09,0.00,0.00,0.00,0.00,2010-06-22,2010-06-28,1
20100615,48271,Kinney County,TX,100.00,0.00,0.00,0.00,0.00,0.00,2010-06-15,2010-06-21,1
20100608,48271,Kinney County,TX,100.00,0.00,0.00,0.00,0.00,0.00,2010-06-08,2010-06-14,1
20100601,48271,Kinney County,TX,100.00,0.00,0.00,0.00,0.00,0.00,2010-06-01,2010-06-07,1
20100525,48271,Kinney County,TX,100.00,0.00,0.00,0.00,0.00,0.00,2010-05-25,2010-05-31,1
20100518,48271,Kinney County,TX,100.00,0.00,0.00,0.00,0.00,0.00,2010-05-18,2010-05-24,1
20100511,48271,Kinney County,TX,100.00,0.00,0.00,0.00,0.00,0.00,2010-05-11,2010-05-17,1
20100504,48271,Kinney County,TX,100.00,0.00,0.00,0.00,0.00,0.00,2010-05-04,2010-05-10,1
20100427,48271,Kinney County,TX,100.00,0.00,0.00,0.00,0.00,0.00,2010-04-27,2010-05-03,1
20100420,48271,Kinney County,TX,100.00,0.00,0.00,0.00,0.00,0.00,2010-04-20,2010-04-26,1
20100413,48271,Kinney County,TX,100.00,0.00,0.00,0.00,0.00,0.00,2010-04-13,2010-04-19,1
20100406,48271,Kinney County,TX,100.00,0.00,0.00,0.00,0.00,0.00,2010-04-06,2010-04-12,1
20100330,48271,Kinney County,TX,100.00,0.00,0.00,0.00,0.00,0.00,2010-03-30,2010-04-05,1
20100323,48271,Kinney County,TX,100.00,0.00,0.00,0.00,0.00,0.00,2010-03-23,2010-03-29,1
20100316,48271,Kinney County,TX,100.00,0.00,0.00,0.00,0.00,0.00,2010-03-16,2010-03-22,1
20100309,48271,Kinney County,TX,100.00,0.00,0.00,0.00,0.00,0.00,2010-03-09,2010-03-15,1
20100302,48271,Kinney County,TX,100.00,0.00,0.00,0.00,0.00,0.00,2010-03-02,2010-03-08,1
20100223,48271,Kinney County,TX,21.07,78.93,0.00,0.00,0.00,0.00,2010-02-23,2010-03-01,1
20100216,48271,Kinney County,TX,21.07,78.93,0.00,0.00,0.00,0.00,2010-02-16,2010-02-22,1
20100209,48271,Kinney County,TX,1.40,98.60,28.64,0.00,0.00,0.00,2010-02-09,2010-02-15,1
20100202,48271,Kinney County,TX,0.00,100.00,98.65,26.14,0.00,0.00,2010-02-02,2010-02-08,1
20100126,48271,Kinney County,TX,0.00,100.00,100.00,99.02,0.00,0.00,2010-01-26,2010-02-01,1
20100119,48271,Kinney County,TX,0.00,100.00,100.00,100.00,0.00,0.00,2010-01-19,2010-01-25,1
20100112,48271,Kinney County,TX,0.00,100.00,100.00,100.00,0.00,0.00,2010-01-12,2010-01-18,1
20100105,48271,Kinney County,TX,0.00,100.00,100.00,100.00,0.00,0.00,2010-01-05,2010-01-11,1
20091229,48271,Kinney County,TX,0.00,100.00,100.00,100.00,0.00,0.00,2009-12-29,2010-01-04,1
20091222,48271,Kinney County,TX,0.00,100.00,100.00,100.00,0.00,0.00,2009-12-22,2009-12-28,1
20091215,48271,Kinney County,TX,0.00,100.00,100.00,100.00,0.00,0.00,2009-12-15,2009-12-21,1
20091208,48271,Kinney County,TX,0.00,100.00,100.00,100.00,61.24,0.00,2009-12-08,2009-12-14,1
20091201,48271,Kinney County,TX,0.00,100.00,100.00,100.00,64.92,0.00,2009-12-01,2009-12-07,1
20091124,48271,Kinney County,TX,0.00,100.00,100.00,100.00,61.93,0.00,2009-11-24,2009-11-30,1
20091117,48271,Kinney County,TX,0.00,100.00,100.00,100.00,66.84,0.00,2009-11-17,2009-11-23,1
20091110,48271,Kinney County,TX,0.00,100.00,100.00,100.00,66.84,0.00,2009-11-10,2009-11-16,1
20091103,48271,Kinney County,TX,0.00,100.00,100.00,100.00,66.84,0.00,2009-11-03,2009-11-09,1
20091027,48271,Kinney County,TX,0.00,100.00,100.00,100.00,66.84,0.00,2009-10-27,2009-11-02,1
20091020,48271,Kinney County,TX,0.00,100.00,100.00,100.00,66.84,0.00,2009-10-20,2009-10-26,1
20091013,48271,Kinney County,TX,0.00,100.00,100.00,100.00,47.05,0.00,2009-10-13,2009-10-19,1
20091006,48271,Kinney County,TX,0.00,100.00,100.00,100.00,47.05,0.00,2009-10-06,2009-10-12,1
20090929,48271,Kinney County,TX,0.00,100.00,100.00,100.00,61.22,0.00,2009-09-29,2009-10-05,1
20090922,48271,Kinney County,TX,0.00,100.00,100.00,100.00,69.36,0.00,2009-09-22,2009-09-28,1
20090915,48271,Kinney County,TX,0.00,100.00,100.00,100.00,69.36,0.00,2009-09-15,2009-09-21,1
20090908,48271,Kinney County,TX,0.00,100.00,100.00,100.00,100.00,99.99,2009-09-08,2009-09-14,1
20090901,48271,Kinney County,TX,0.00,100.00,100.00,100.00,100.00,99.99,2009-09-01,2009-09-07,1
20090825,48271,Kinney County,TX,0.00,100.00,100.00,100.00,100.00,99.99,2009-08-25,2009-08-31,1
20090818,48271,Kinney County,TX,0.00,100.00,100.00,100.00,100.00,99.99,2009-08-18,2009-08-24,1
20090811,48271,Kinney County,TX,0.00,100.00,100.00,100.00,100.00,99.99,2009-08-11,2009-08-17,1
20090804,48271,Kinney County,TX,0.00,100.00,100.00,100.00,100.00,99.99,2009-08-04,2009-08-10,1
20090728,48271,Kinney County,TX,0.00,100.00,100.00,100.00,100.00,100.00,2009-07-28,2009-08-03,1
20090721,48271,Kinney County,TX,0.00,100.00,100.00,100.00,99.99,73.09,2009-07-21,2009-07-27,1
20090714,48271,Kinney County,TX,0.00,100.00,100.00,99.74,87.11,67.54,2009-07-14,2009-07-20,1
20090707,48271,Kinney County,TX,0.00,100.00,100.00,99.74,87.11,65.30,2009-07-07,2009-07-13,1
20090630,48271,Kinney County,TX,0.00,100.00,100.00,99.74,87.11,65.03,2009-06-30,2009-07-06,1
20090623,48271,Kinney County,TX,0.00,100.00,100.00,98.79,85.19,59.06,2009-06-23,2009-06-29,1
20090616,48271,Kinney County,TX,0.00,100.00,100.00,100.00,100.00,59.06,2009-06-16,2009-06-22,1
20090609,48271,Kinney County,TX,0.00,100.00,100.00,100.00,100.00,59.06,2009-06-09,2009-06-15,1
20090602,48271,Kinney County,TX,0.00,100.00,100.00,100.00,100.00,59.06,2009-06-02,2009-06-08,1
20090526,48271,Kinney County,TX,0.00,100.00,100.00,100.00,100.00,59.06,2009-05-26,2009-06-01,1
20090519,48271,Kinney County,TX,0.00,100.00,100.00,100.00,100.00,58.31,2009-05-19,2009-05-25,1
20090512,48271,Kinney County,TX,0.00,100.00,100.00,100.00,100.00,99.17,2009-05-12,2009-05-18,1
20090505,48271,Kinney County,TX,0.00,100.00,100.00,100.00,100.00,0.00,2009-05-05,2009-05-11,1
20090428,48271,Kinney County,TX,0.00,100.00,100.00,100.00,100.00,0.00,2009-04-28,2009-05-04,1
20090421,48271,Kinney County,TX,0.00,100.00,100.00,100.00,100.00,0.00,2009-04-21,2009-04-27,1
20090414,48271,Kinney County,TX,0.00,100.00,100.00,100.00,100.00,0.00,2009-04-14,2009-04-20,1
20090407,48271,Kinney County,TX,0.00,100.00,100.00,100.00,100.00,0.00,2009-04-07,2009-04-13,1
20090331,48271,Kinney County,TX,0.00,100.00,100.00,100.00,100.00,0.00,2009-03-31,2009-04-06,1
20090324,48271,Kinney County,TX,0.00,100.00,100.00,100.00,100.00,0.00,2009-03-24,2009-03-30,1
20090317,48271,Kinney County,TX,0.00,100.00,100.00,100.00,100.00,0.00,2009-03-17,2009-03-23,1
20090310,48271,Kinney County,TX,0.00,100.00,100.00,100.00,100.00,0.00,2009-03-10,2009-03-16,1
20090303,48271,Kinney County,TX,0.00,100.00,100.00,100.00,100.00,0.00,2009-03-03,2009-03-09,1
20090224,48271,Kinney County,TX,0.00,100.00,100.00,100.00,100.00,0.00,2009-02-24,2009-03-02,1
20090217,48271,Kinney County,TX,0.00,100.00,100.00,100.00,100.00,0.00,2009-02-17,2009-02-23,1
20090210,48271,Kinney County,TX,0.00,100.00,100.00,100.00,100.00,0.00,2009-02-10,2009-02-16,1
20090203,48271,Kinney County,TX,0.00,100.00,100.00,100.00,100.00,0.00,2009-02-03,2009-02-09,1
20090127,48271,Kinney County,TX,0.00,100.00,100.00,100.00,100.00,0.00,2009-01-27,2009-02-02,1
20090120,48271,Kinney County,TX,0.00,100.00,100.00,100.00,100.00,0.00,2009-01-20,2009-01-26,1
20090113,48271,Kinney County,TX,0.00,100.00,100.00,99.21,81.29,0.00,2009-01-13,2009-01-19,1
20090106,48271,Kinney County,TX,0.00,100.00,100.00,76.94,0.00,0.00,2009-01-06,2009-01-12,1
20081230,48271,Kinney County,TX,0.00,100.00,100.00,76.94,0.00,0.00,2008-12-30,2009-01-05,1
20081223,48271,Kinney County,TX,0.00,100.00,100.00,76.94,0.00,0.00,2008-12-23,2008-12-29,1
20081216,48271,Kinney County,TX,0.00,100.00,100.00,76.94,0.00,0.00,2008-12-16,2008-12-22,1
20081209,48271,Kinney County,TX,0.00,100.00,100.00,76.94,0.00,0.00,2008-12-09,2008-12-15,1
20081202,48271,Kinney County,TX,0.00,100.00,100.00,76.94,0.00,0.00,2008-12-02,2008-12-08,1
20081125,48271,Kinney County,TX,0.00,100.00,100.00,76.94,0.00,0.00,2008-11-25,2008-12-01,1
20081118,48271,Kinney County,TX,0.00,100.00,100.00,76.94,0.00,0.00,2008-11-18,2008-11-24,1
20081111,48271,Kinney County,TX,0.00,100.00,100.00,76.94,0.00,0.00,2008-11-11,2008-11-17,1
20081104,48271,Kinney County,TX,0.00,100.00,100.00,76.94,0.00,0.00,2008-11-04,2008-11-10,1
20081028,48271,Kinney County,TX,0.00,100.00,100.00,76.94,0.00,0.00,2008-10-28,2008-11-03,1
20081021,48271,Kinney County,TX,0.00,100.00,94.01,20.02,0.00,0.00,2008-10-21,2008-10-27,1
20081014,48271,Kinney County,TX,0.00,100.00,94.38,21.35,0.00,0.00,2008-10-14,2008-10-20,1
20081007,48271,Kinney County,TX,0.00,100.00,94.98,20.68,0.00,0.00,2008-10-07,2008-10-13,1
20080930,48271,Kinney County,TX,0.00,100.00,93.56,14.23,0.00,0.00,2008-09-30,2008-10-06,1
20080923,48271,Kinney County,TX,0.00,100.00,93.56,14.23,0.00,0.00,2008-09-23,2008-09-29,1
20080916,48271,Kinney County,TX,0.00,100.00,93.56,6.79,0.00,0.00,2008-09-16,2008-09-22,1
20080909,48271,Kinney County,TX,0.00,100.00,93.56,6.79,0.00,0.00,2008-09-09,2008-09-15,1
20080902,48271,Kinney County,TX,0.00,100.00,93.56,6.79,0.00,0.00,2008-09-02,2008-09-08,1
20080826,48271,Kinney County,TX,0.00,100.00,100.00,94.99,0.00,0.00,2008-08-26,2008-09-01,1
20080819,48271,Kinney County,TX,0.00,100.00,100.00,100.00,95.01,0.00,2008-08-19,2008-08-25,1
20080812,48271,Kinney County,TX,0.00,100.00,100.00,100.00,100.00,0.00,2008-08-12,2008-08-18,1
20080805,48271,Kinney County,TX,0.00,100.00,100.00,100.00,98.77,0.00,2008-08-05,2008-08-11,1
20080729,48271,Kinney County,TX,0.00,100.00,100.00,100.00,98.77,0.00,2008-07-29,2008-08-04,1
20080722,48271,Kinney County,TX,0.00,100.00,100.00,100.00,100.00,11.08,2008-07-22,2008-07-28,1
20080715,48271,Kinney County,TX,0.00,100.00,100.00,100.00,98.40,0.00,2008-07-15,2008-07-21,1
20080708,48271,Kinney County,TX,0.00,100.00,100.00,100.00,98.40,0.00,2008-07-08,2008-07-14,1
20080701,48271,Kinney County,TX,0.00,100.00,100.00,100.00,98.40,0.00,2008-07-01,2008-07-07,1
20080624,48271,Kinney County,TX,0.00,100.00,100.00,100.00,100.00,0.00,2008-06-24,2008-06-30,1
20080617,48271,Kinney County,TX,0.00,100.00,100.00,100.00,100.00,0.00,2008-06-17,2008-06-23,1
20080610,48271,Kinney County,TX,0.00,100.00,100.00,100.00,98.21,0.00,2008-06-10,2008-06-16,1
20080603,48271,Kinney County,TX,0.00,100.00,100.00,100.00,0.00,0.00,2008-06-03,2008-06-09,1
20080527,48271,Kinney County,TX,0.00,100.00,100.00,99.97,0.00,0.00,2008-05-27,2008-06-02,1
20080520,48271,Kinney County,TX,0.00,100.00,100.00,58.18,0.00,0.00,2008-05-20,2008-05-26,1
20080513,48271,Kinney County,TX,0.00,100.00,100.00,100.00,96.53,0.00,2008-05-13,2008-05-19,1
20080506,48271,Kinney County,TX,0.00,100.00,100.00,100.00,96.53,0.00,2008-05-06,2008-05-12,1
20080429,48271,Kinney County,TX,0.00,100.00,100.00,100.00,100.00,0.00,2008-04-29,2008-05-05,1
20080422,48271,Kinney County,TX,0.00,100.00,100.00,100.00,100.00,0.00,2008-04-22,2008-04-28,1
20080415,48271,Kinney County,TX,0.00,100.00,100.00,100.00,100.00,0.00,2008-04-15,2008-04-21,1
20080408,48271,Kinney County,TX,0.00,100.00,100.00,100.00,100.00,0.00,2008-04-08,2008-04-14,1
20080401,48271,Kinney County,TX,0.00,100.00,100.00,100.00,100.00,0.00,2008-04-01,2008-04-07,1
20080325,48271,Kinney County,TX,0.00,100.00,100.00,100.00,100.00,0.00,2008-03-25,2008-03-31,1
20080318,48271,Kinney County,TX,0.00,100.00,100.00,100.00,100.00,0.00,2008-03-18,2008-03-24,1
20080311,48271,Kinney County,TX,0.00,100.00,100.00,100.00,100.00,0.00,2008-03-11,2008-03-17,1
20080304,48271,Kinney County,TX,0.00,100.00,100.00,100.00,100.00,0.00,2008-03-04,2008-03-10,1
20080226,48271,Kinney County,TX,0.00,100.00,100.00,100.00,100.00,0.00,2008-02-26,2008-03-03,1
20080219,48271,Kinney County,TX,0.00,100.00,100.00,100.00,92.97,0.00,2008-02-19,2008-02-25,1
20080212,48271,Kinney County,TX,0.00,100.00,100.00,100.00,0.00,0.00,2008-02-12,2008-02-18,1
20080205,48271,Kinney County,TX,0.00,100.00,100.00,0.00,0.00,0.00,2008-02-05,2008-02-11,1
20080129,48271,Kinney County,TX,0.00,100.00,100.00,0.00,0.00,0.00,2008-01-29,2008-02-04,1
20080122,48271,Kinney County,TX,0.00,100.00,100.00,0.00,0.00,0.00,2008-01-22,2008-01-28,1
20080115,48271,Kinney County,TX,0.00,100.00,100.00,0.00,0.00,0.00,2008-01-15,2008-01-21,1
20080108,48271,Kinney County,TX,0.00,100.00,21.71,0.00,0.00,0.00,2008-01-08,2008-01-14,1
20080101,48271,Kinney County,TX,0.00,100.00,0.00,0.00,0.00,0.00,2008-01-01,2008-01-07,1
20071225,48271,Kinney County,TX,0.00,100.00,0.00,0.00,0.00,0.00,2007-12-25,2007-12-31,1
20071218,48271,Kinney County,TX,0.00,100.00,0.00,0.00,0.00,0.00,2007-12-18,2007-12-24,1
20071211,48271,Kinney County,TX,0.00,100.00,0.00,0.00,0.00,0.00,2007-12-11,2007-12-17,1
20071204,48271,Kinney County,TX,0.00,100.00,0.00,0.00,0.00,0.00,2007-12-04,2007-12-10,1
20071127,48271,Kinney County,TX,1.06,98.94,0.00,0.00,0.00,0.00,2007-11-27,2007-12-03,1
20071120,48271,Kinney County,TX,0.00,100.00,0.00,0.00,0.00,0.00,2007-11-20,2007-11-26,1
20071113,48271,Kinney County,TX,0.00,100.00,0.00,0.00,0.00,0.00,2007-11-13,2007-11-19,1
20071106,48271,Kinney County,TX,100.00,0.00,0.00,0.00,0.00,0.00,2007-11-06,2007-11-12,1
20071030,48271,Kinney County,TX,100.00,0.00,0.00,0.00,0.00,0.00,2007-10-30,2007-11-05,1
20071023,48271,Kinney County,TX,100.00,0.00,0.00,0.00,0.00,0.00,2007-10-23,2007-10-29,1
20071016,48271,Kinney County,TX,100.00,0.00,0.00,0.00,0.00,0.00,2007-10-16,2007-10-22,1
20071009,48271,Kinney County,TX,100.00,0.00,0.00,0.00,0.00,0.00,2007-10-09,2007-10-15,1
20071002,48271,Kinney County,TX,100.00,0.00,0.00,0.00,0.00,0.00,2007-10-02,2007-10-08,1
20070925,48271,Kinney County,TX,100.00,0.00,0.00,0.00,0.00,0.00,2007-09-25,2007-10-01,1
20070918,48271,Kinney County,TX,100.00,0.00,0.00,0.00,0.00,0.00,2007-09-18,2007-09-24,1
20070911,48271,Kinney County,TX,100.00,0.00,0.00,0.00,0.00,0.00,2007-09-11,2007-09-17,1
20070904,48271,Kinney County,TX,100.00,0.00,0.00,0.00,0.00,0.00,2007-09-04,2007-09-10,1
20070828,48271,Kinney County,TX,100.00,0.00,0.00,0.00,0.00,0.00,2007-08-28,2007-09-03,1
20070821,48271,Kinney County,TX,100.00,0.00,0.00,0.00,0.00,0.00,2007-08-21,2007-08-27,1
20070814,48271,Kinney County,TX,100.00,0.00,0.00,0.00,0.00,0.00,2007-08-14,2007-08-20,1
20070807,48271,Kinney County,TX,100.00,0.00,0.00,0.00,0.00,0.00,2007-08-07,2007-08-13,1
20070731,48271,Kinney County,TX,100.00,0.00,0.00,0.00,0.00,0.00,2007-07-31,2007-08-06,1
20070724,48271,Kinney County,TX,100.00,0.00,0.00,0.00,0.00,0.00,2007-07-24,2007-07-30,1
20070717,48271,Kinney County,TX,100.00,0.00,0.00,0.00,0.00,0.00,2007-07-17,2007-07-23,1
20070710,48271,Kinney County,TX,100.00,0.00,0.00,0.00,0.00,0.00,2007-07-10,2007-07-16,1
20070703,48271,Kinney County,TX,100.00,0.00,0.00,0.00,0.00,0.00,2007-07-03,2007-07-09,1
20070626,48271,Kinney County,TX,100.00,0.00,0.00,0.00,0.00,0.00,2007-06-26,2007-07-02,1
20070619,48271,Kinney County,TX,100.00,0.00,0.00,0.00,0.00,0.00,2007-06-19,2007-06-25,1
20070612,48271,Kinney County,TX,100.00,0.00,0.00,0.00,0.00,0.00,2007-06-12,2007-06-18,1
20070605,48271,Kinney County,TX,100.00,0.00,0.00,0.00,0.00,0.00,2007-06-05,2007-06-11,1
20070529,48271,Kinney County,TX,100.00,0.00,0.00,0.00,0.00,0.00,2007-05-29,2007-06-04,1
20070522,48271,Kinney County,TX,100.00,0.00,0.00,0.00,0.00,0.00,2007-05-22,2007-05-28,1
20070515,48271,Kinney County,TX,100.00,0.00,0.00,0.00,0.00,0.00,2007-05-15,2007-05-21,1
20070508,48271,Kinney County,TX,79.26,20.74,0.00,0.00,0.00,0.00,2007-05-08,2007-05-14,1
20070501,48271,Kinney County,TX,2.43,97.57,25.48,0.00,0.00,0.00,2007-05-01,2007-05-07,1
20070424,48271,Kinney County,TX,0.00,100.00,25.48,0.00,0.00,0.00,2007-04-24,2007-04-30,1
20070417,48271,Kinney County,TX,0.00,100.00,100.00,0.00,0.00,0.00,2007-04-17,2007-04-23,1
20070410,48271,Kinney County,TX,0.00,100.00,100.00,0.00,0.00,0.00,2007-04-10,2007-04-16,1
20070403,48271,Kinney County,TX,0.00,100.00,100.00,0.00,0.00,0.00,2007-04-03,2007-04-09,1
20070327,48271,Kinney County,TX,0.00,100.00,100.00,100.00,100.00,0.00,2007-03-27,2007-04-02,1
20070320,48271,Kinney County,TX,0.00,100.00,100.00,100.00,100.00,85.74,2007-03-20,2007-03-26,1
20070313,48271,Kinney County,TX,0.00,100.00,100.00,100.00,100.00,85.74,2007-03-13,2007-03-19,1
20070306,48271,Kinney County,TX,0.00,100.00,100.00,100.00,100.00,85.74,2007-03-06,2007-03-12,1
20070227,48271,Kinney County,TX,0.00,100.00,100.00,100.00,100.00,85.74,2007-02-27,2007-03-05,1
20070220,48271,Kinney County,TX,0.00,100.00,100.00,100.00,100.00,85.74,2007-02-20,2007-02-26,1
20070213,48271,Kinney County,TX,0.00,100.00,100.00,100.00,100.00,100.00,2007-02-13,2007-02-19,1
20070206,48271,Kinney County,TX,0.00,100.00,100.00,100.00,100.00,100.00,2007-02-06,2007-02-12,1
20070130,48271,Kinney County,TX,0.00,100.00,100.00,100.00,100.00,100.00,2007-01-30,2007-02-05,1
20070123,48271,Kinney County,TX,0.00,100.00,100.00,100.00,100.00,100.00,2007-01-23,2007-01-29,1
20070116,48271,Kinney County,TX,0.00,100.00,100.00,100.00,100.00,100.00,2007-01-16,2007-01-22,1
20070109,48271,Kinney County,TX,0.00,100.00,100.00,100.00,100.00,100.00,2007-01-09,2007-01-15,1
20070102,48271,Kinney County,TX,0.00,100.00,100.00,100.00,100.00,100.00,2007-01-02,2007-01-08,1
20061226,48271,Kinney County,TX,0.00,100.00,100.00,100.00,100.00,100.00,2006-12-26,2007-01-01,1
20061219,48271,Kinney County,TX,0.00,100.00,100.00,100.00,100.00,100.00,2006-12-19,2006-12-25,1
20061212,48271,Kinney County,TX,0.00,100.00,100.00,100.00,100.00,100.00,2006-12-12,2006-12-18,1
20061205,48271,Kinney County,TX,0.00,100.00,100.00,100.00,100.00,0.00,2006-12-05,2006-12-11,1
20061128,48271,Kinney County,TX,0.00,100.00,100.00,100.00,100.00,0.00,2006-11-28,2006-12-04,1
20061121,48271,Kinney County,TX,0.00,100.00,100.00,100.00,100.00,0.00,2006-11-21,2006-11-27,1
20061114,48271,Kinney County,TX,0.00,100.00,100.00,100.00,100.00,0.00,2006-11-14,2006-11-20,1
20061107,48271,Kinney County,TX,0.00,100.00,100.00,100.00,100.00,0.00,2006-11-07,2006-11-13,1
20061031,48271,Kinney County,TX,0.00,100.00,100.00,100.00,94.70,0.00,2006-10-31,2006-11-06,1
20061024,48271,Kinney County,TX,0.00,100.00,100.00,100.00,94.70,0.00,2006-10-24,2006-10-30,1
20061017,48271,Kinney County,TX,0.00,100.00,100.00,100.00,94.70,0.00,2006-10-17,2006-10-23,1
20061010,48271,Kinney County,TX,0.00,100.00,100.00,100.00,94.04,0.00,2006-10-10,2006-10-16,1
20061003,48271,Kinney County,TX,0.00,100.00,100.00,100.00,94.04,0.00,2006-10-03,2006-10-09,1
20060926,48271,Kinney County,TX,0.00,100.00,100.00,100.00,94.04,0.00,2006-09-26,2006-10-02,1
20060919,48271,Kinney County,TX,0.00,100.00,100.00,100.00,94.04,0.00,2006-09-19,2006-09-25,1
20060912,48271,Kinney County,TX,0.00,100.00,100.00,100.00,100.00,98.39,2006-09-12,2006-09-18,1
20060905,48271,Kinney County,TX,0.00,100.00,100.00,100.00,100.00,98.39,2006-09-05,2006-09-11,1
20060829,48271,Kinney County,TX,0.00,100.00,100.00,100.00,100.00,98.39,2006-08-29,2006-09-04,1
20060822,48271,Kinney County,TX,0.00,100.00,100.00,100.00,100.00,82.99,2006-08-22,2006-08-28,1
20060815,48271,Kinney County,TX,0.00,100.00,100.00,100.00,100.00,82.99,2006-08-15,2006-08-21,1
20060808,48271,Kinney County,TX,0.00,100.00,100.00,100.00,100.00,82.99,2006-08-08,2006-08-14,1
20060801,48271,Kinney County,TX,0.00,100.00,100.00,100.00,100.00,100.00,2006-08-01,2006-08-07,1
20060725,48271,Kinney County,TX,0.00,100.00,100.00,100.00,100.00,100.00,2006-07-25,2006-07-31,1
20060718,48271,Kinney County,TX,0.00,100.00,100.00,100.00,100.00,100.00,2006-07-18,2006-07-24,1
20060711,48271,Kinney County,TX,0.00,100.00,100.00,100.00,100.00,46.54,2006-07-11,2006-07-17,1
20060704,48271,Kinney County,TX,0.00,100.00,100.00,100.00,100.00,0.00,2006-07-04,2006-07-10,1
20060627,48271,Kinney County,TX,0.00,100.00,100.00,100.00,100.00,0.00,2006-06-27,2006-07-03,1
20060620,48271,Kinney County,TX,0.00,100.00,100.00,100.00,100.00,0.00,2006-06-20,2006-06-26,1
20060613,48271,Kinney County,TX,0.00,100.00,100.00,100.00,100.00,0.00,2006-06-13,2006-06-19,1
20060606,48271,Kinney County,TX,0.00,100.00,100.00,100.00,100.00,0.00,2006-06-06,2006-06-12,1
20060530,48271,Kinney County,TX,0.00,100.00,100.00,100.00,43.77,0.00,2006-05-30,2006-06-05,1
20060523,48271,Kinney County,TX,0.00,100.00,100.00,100.00,43.77,0.00,2006-05-23,2006-05-29,1
20060516,48271,Kinney County,TX,0.00,100.00,100.00,100.00,43.77,0.00,2006-05-16,2006-05-22,1
20060509,48271,Kinney County,TX,0.00,100.00,100.00,100.00,100.00,0.00,2006-05-09,2006-05-15,1
20060502,48271,Kinney County,TX,0.00,100.00,100.00,100.00,100.00,2.49,2006-05-02,2006-05-08,1
20060425,48271,Kinney County,TX,0.00,100.00,100.00,100.00,100.00,2.49,2006-04-25,2006-05-01,1
20060418,48271,Kinney County,TX,0.00,100.00,100.00,100.00,100.00,3.50,2006-04-18,2006-04-24,1
20060411,48271,Kinney County,TX,0.00,100.00,100.00,100.00,0.26,0.00,2006-04-11,2006-04-17,1
20060404,48271,Kinney County,TX,0.00,100.00,100.00,100.00,0.26,0.00,2006-04-04,2006-04-10,1
20060328,48271,Kinney County,TX,0.00,100.00,100.00,100.00,4.70,0.00,2006-03-28,2006-04-03,1
20060321,48271,Kinney County,TX,0.00,100.00,100.00,100.00,4.70,0.00,2006-03-21,2006-03-27,1
20060314,48271,Kinney County,TX,0.00,100.00,100.00,100.00,4.70,0.00,2006-03-14,2006-03-20,1
20060307,48271,Kinney County,TX,0.00,100.00,100.00,100.00,0.00,0.00,2006-03-07,2006-03-13,1
20060228,48271,Kinney County,TX,0.00,100.00,100.00,100.00,0.00,0.00,2006-02-28,2006-03-06,1
20060221,48271,Kinney County,TX,0.00,100.00,100.00,100.00,0.00,0.00,2006-02-21,2006-02-27,1
20060214,48271,Kinney County,TX,0.00,100.00,100.00,100.00,0.00,0.00,2006-02-14,2006-02-20,1
20060207,48271,Kinney County,TX,0.00,100.00,100.00,9.66,0.00,0.00,2006-02-07,2006-02-13,1
20060131,48271,Kinney County,TX,0.00,100.00,37.57,0.63,0.00,0.00,2006-01-31,2006-02-06,1
20060124,48271,Kinney County,TX,0.00,100.00,37.57,0.00,0.00,0.00,2006-01-24,2006-01-30,1
20060117,48271,Kinney County,TX,0.00,100.00,37.57,0.00,0.00,0.00,2006-01-17,2006-01-23,1
20060110,48271,Kinney County,TX,0.00,100.00,36.24,0.00,0.00,0.00,2006-01-10,2006-01-16,1
20060103,48271,Kinney County,TX,0.00,100.00,36.24,0.00,0.00,0.00,2006-01-03,2006-01-09,1
20051227,48271,Kinney County,TX,31.09,68.91,31.26,0.00,0.00,0.00,2005-12-27,2006-01-02,1
20051220,48271,Kinney County,TX,31.09,68.91,31.26,0.00,0.00,0.00,2005-12-20,2005-12-26,1
20051213,48271,Kinney County,TX,68.00,32.00,0.00,0.00,0.00,0.00,2005-12-13,2005-12-19,1
20051206,48271,Kinney County,TX,68.00,32.00,0.00,0.00,0.00,0.00,2005-12-06,2005-12-12,1
20051129,48271,Kinney County,TX,68.00,32.00,0.00,0.00,0.00,0.00,2005-11-29,2005-12-05,1
20051122,48271,Kinney County,TX,68.00,32.00,0.00,0.00,0.00,0.00,2005-11-22,2005-11-28,1
20051115,48271,Kinney County,TX,68.00,32.00,0.00,0.00,0.00,0.00,2005-11-15,2005-11-21,1
20051108,48271,Kinney County,TX,68.00,32.00,0.00,0.00,0.00,0.00,2005-11-08,2005-11-14,1
20051101,48271,Kinney County,TX,68.00,32.00,0.00,0.00,0.00,0.00,2005-11-01,2005-11-07,1
20051025,48271,Kinney County,TX,68.00,32.00,0.00,0.00,0.00,0.00,2005-10-25,2005-10-31,1
20051018,48271,Kinney County,TX,68.00,32.00,0.00,0.00,0.00,0.00,2005-10-18,2005-10-24,1
20051011,48271,Kinney County,TX,0.00,100.00,39.45,0.00,0.00,0.00,2005-10-11,2005-10-17,1
20051004,48271,Kinney County,TX,0.00,100.00,39.45,0.00,0.00,0.00,2005-10-04,2005-10-10,1
20050927,48271,Kinney County,TX,0.00,100.00,21.33,0.00,0.00,0.00,2005-09-27,2005-10-03,1
20050920,48271,Kinney County,TX,67.02,32.98,0.00,0.00,0.00,0.00,2005-09-20,2005-09-26,1
20050913,48271,Kinney County,TX,67.02,32.98,0.00,0.00,0.00,0.00,2005-09-13,2005-09-19,1
20050906,48271,Kinney County,TX,67.02,32.98,0.00,0.00,0.00,0.00,2005-09-06,2005-09-12,1
20050830,48271,Kinney County,TX,67.02,32.98,0.00,0.00,0.00,0.00,2005-08-30,2005-09-05,1
20050823,48271,Kinney County,TX,67.02,32.98,0.00,0.00,0.00,0.00,2005-08-23,2005-08-29,1
20050816,48271,Kinney County,TX,67.02,32.98,0.00,0.00,0.00,0.00,2005-08-16,2005-08-22,1
20050809,48271,Kinney County,TX,67.02,32.98,0.00,0.00,0.00,0.00,2005-08-09,2005-08-15,1
20050802,48271,Kinney County,TX,0.00,100.00,10.62,0.00,0.00,0.00,2005-08-02,2005-08-08,1
20050726,48271,Kinney County,TX,0.00,100.00,99.68,0.00,0.00,0.00,2005-07-26,2005-08-01,1
20050719,48271,Kinney County,TX,0.00,100.00,99.50,0.00,0.00,0.00,2005-07-19,2005-07-25,1
20050712,48271,Kinney County,TX,0.00,100.00,99.50,0.00,0.00,0.00,2005-07-12,2005-07-18,1
20050705,48271,Kinney County,TX,0.00,100.00,99.88,0.00,0.00,0.00,2005-07-05,2005-07-11,1
20050628,48271,Kinney County,TX,0.00,100.00,41.40,0.00,0.00,0.00,2005-06-28,2005-07-04,1
20050621,48271,Kinney County,TX,26.76,73.24,0.00,0.00,0.00,0.00,2005-06-21,2005-06-27,1
20050614,48271,Kinney County,TX,100.00,0.00,0.00,0.00,0.00,0.00,2005-06-14,2005-06-20,1
20050607,48271,Kinney County,TX,100.00,0.00,0.00,0.00,0.00,0.00,2005-06-07,2005-06-13,1
20050531,48271,Kinney County,TX,100.00,0.00,0.00,0.00,0.00,0.00,2005-05-31,2005-06-06,1
20050524,48271,Kinney County,TX,100.00,0.00,0.00,0.00,0.00,0.00,2005-05-24,2005-05-30,1
20050517,48271,Kinney County,TX,100.00,0.00,0.00,0.00,0.00,0.00,2005-05-17,2005-05-23,1
20050510,48271,Kinney County,TX,61.83,38.17,0.00,0.00,0.00,0.00,2005-05-10,2005-05-16,1
20050503,48271,Kinney County,TX,0.00,100.00,0.00,0.00,0.00,0.00,2005-05-03,2005-05-09,1
20050426,48271,Kinney County,TX,100.00,0.00,0.00,0.00,0.00,0.00,2005-04-26,2005-05-02,1
20050419,48271,Kinney County,TX,100.00,0.00,0.00,0.00,0.00,0.00,2005-04-19,2005-04-25,1
20050412,48271,Kinney County,TX,100.00,0.00,0.00,0.00,0.00,0.00,2005-04-12,2005-04-18,1
20050405,48271,Kinney County,TX,100.00,0.00,0.00,0.00,0.00,0.00,2005-04-05,2005-04-11,1
20050329,48271,Kinney County,TX,100.00,0.00,0.00,0.00,0.00,0.00,2005-03-29,2005-04-04,1
20050322,48271,Kinney County,TX,100.00,0.00,0.00,0.00,0.00,0.00,2005-03-22,2005-03-28,1
20050315,48271,Kinney County,TX,100.00,0.00,0.00,0.00,0.00,0.00,2005-03-15,2005-03-21,1
20050308,48271,Kinney County,TX,100.00,0.00,0.00,0.00,0.00,0.00,2005-03-08,2005-03-14,1
20050301,48271,Kinney County,TX,100.00,0.00,0.00,0.00,0.00,0.00,2005-03-01,2005-03-07,1
20050222,48271,Kinney County,TX,100.00,0.00,0.00,0.00,0.00,0.00,2005-02-22,2005-02-28,1
20050215,48271,Kinney County,TX,100.00,0.00,0.00,0.00,0.00,0.00,2005-02-15,2005-02-21,1
20050208,48271,Kinney County,TX,100.00,0.00,0.00,0.00,0.00,0.00,2005-02-08,2005-02-14,1
20050201,48271,Kinney County,TX,100.00,0.00,0.00,0.00,0.00,0.00,2005-02-01,2005-02-07,1
20050125,48271,Kinney County,TX,100.00,0.00,0.00,0.00,0.00,0.00,2005-01-25,2005-01-31,1
20050118,48271,Kinney County,TX,100.00,0.00,0.00,0.00,0.00,0.00,2005-01-18,2005-01-24,1
20050111,48271,Kinney County,TX,100.00,0.00,0.00,0.00,0.00,0.00,2005-01-11,2005-01-17,1
20050104,48271,Kinney County,TX,100.00,0.00,0.00,0.00,0.00,0.00,2005-01-04,2005-01-10,1
20041228,48271,Kinney County,TX,100.00,0.00,0.00,0.00,0.00,0.00,2004-12-28,2005-01-03,1
20041221,48271,Kinney County,TX,100.00,0.00,0.00,0.00,0.00,0.00,2004-12-21,2004-12-27,1
20041214,48271,Kinney County,TX,100.00,0.00,0.00,0.00,0.00,0.00,2004-12-14,2004-12-20,1
20041207,48271,Kinney County,TX,100.00,0.00,0.00,0.00,0.00,0.00,2004-12-07,2004-12-13,1
20041130,48271,Kinney County,TX,100.00,0.00,0.00,0.00,0.00,0.00,2004-11-30,2004-12-06,1
20041123,48271,Kinney County,TX,100.00,0.00,0.00,0.00,0.00,0.00,2004-11-23,2004-11-29,1
20041116,48271,Kinney County,TX,100.00,0.00,0.00,0.00,0.00,0.00,2004-11-16,2004-11-22,1
20041109,48271,Kinney County,TX,100.00,0.00,0.00,0.00,0.00,0.00,2004-11-09,2004-11-15,1
20041102,48271,Kinney County,TX,100.00,0.00,0.00,0.00,0.00,0.00,2004-11-02,2004-11-08,1
20041026,48271,Kinney County,TX,100.00,0.00,0.00,0.00,0.00,0.00,2004-10-26,2004-11-01,1
20041019,48271,Kinney County,TX,100.00,0.00,0.00,0.00,0.00,0.00,2004-10-19,2004-10-25,1
20041012,48271,Kinney County,TX,100.00,0.00,0.00,0.00,0.00,0.00,2004-10-12,2004-10-18,1
20041005,48271,Kinney County,TX,100.00,0.00,0.00,0.00,0.00,0.00,2004-10-05,2004-10-11,1
20040928,48271,Kinney County,TX,100.00,0.00,0.00,0.00,0.00,0.00,2004-09-28,2004-10-04,1
20040921,48271,Kinney County,TX,100.00,0.00,0.00,0.00,0.00,0.00,2004-09-21,2004-09-27,1
20040914,48271,Kinney County,TX,100.00,0.00,0.00,0.00,0.00,0.00,2004-09-14,2004-09-20,1
20040907,48271,Kinney County,TX,100.00,0.00,0.00,0.00,0.00,0.00,2004-09-07,2004-09-13,1
20040831,48271,Kinney County,TX,100.00,0.00,0.00,0.00,0.00,0.00,2004-08-31,2004-09-06,1
20040824,48271,Kinney County,TX,100.00,0.00,0.00,0.00,0.00,0.00,2004-08-24,2004-08-30,1
20040817,48271,Kinney County,TX,100.00,0.00,0.00,0.00,0.00,0.00,2004-08-17,2004-08-23,1
20040810,48271,Kinney County,TX,100.00,0.00,0.00,0.00,0.00,0.00,2004-08-10,2004-08-16,1
20040803,48271,Kinney County,TX,100.00,0.00,0.00,0.00,0.00,0.00,2004-08-03,2004-08-09,1
20040727,48271,Kinney County,TX,100.00,0.00,0.00,0.00,0.00,0.00,2004-07-27,2004-08-02,1
20040720,48271,Kinney County,TX,100.00,0.00,0.00,0.00,0.00,0.00,2004-07-20,2004-07-26,1
20040713,48271,Kinney County,TX,100.00,0.00,0.00,0.00,0.00,0.00,2004-07-13,2004-07-19,1
20040706,48271,Kinney County,TX,100.00,0.00,0.00,0.00,0.00,0.00,2004-07-06,2004-07-12,1
20040629,48271,Kinney County,TX,100.00,0.00,0.00,0.00,0.00,0.00,2004-06-29,2004-07-05,1
20040622,48271,Kinney County,TX,100.00,0.00,0.00,0.00,0.00,0.00,2004-06-22,2004-06-28,1
20040615,48271,Kinney County,TX,100.00,0.00,0.00,0.00,0.00,0.00,2004-06-15,2004-06-21,1
20040608,48271,Kinney County,TX,73.54,26.46,0.00,0.00,0.00,0.00,2004-06-08,2004-06-14,1
20040601,48271,Kinney County,TX,100.00,0.00,0.00,0.00,0.00,0.00,2004-06-01,2004-06-07,1
20040525,48271,Kinney County,TX,100.00,0.00,0.00,0.00,0.00,0.00,2004-05-25,2004-05-31,1
20040518,48271,Kinney County,TX,100.00,0.00,0.00,0.00,0.00,0.00,2004-05-18,2004-05-24,1
20040511,48271,Kinney County,TX,100.00,0.00,0.00,0.00,0.00,0.00,2004-05-11,2004-05-17,1
20040504,48271,Kinney County,TX,100.00,0.00,0.00,0.00,0.00,0.00,2004-05-04,2004-05-10,1
20040427,48271,Kinney County,TX,100.00,0.00,0.00,0.00,0.00,0.00,2004-04-27,2004-05-03,1
20040420,48271,Kinney County,TX,100.00,0.00,0.00,0.00,0.00,0.00,2004-04-20,2004-04-26,1
20040413,48271,Kinney County,TX,100.00,0.00,0.00,0.00,0.00,0.00,2004-04-13,2004-04-19,1
20040406,48271,Kinney County,TX,100.00,0.00,0.00,0.00,0.00,0.00,2004-04-06,2004-04-12,1
20040330,48271,Kinney County,TX,100.00,0.00,0.00,0.00,0.00,0.00,2004-03-30,2004-04-05,1
20040323,48271,Kinney County,TX,100.00,0.00,0.00,0.00,0.00,0.00,2004-03-23,2004-03-29,1
20040316,48271,Kinney County,TX,100.00,0.00,0.00,0.00,0.00,0.00,2004-03-16,2004-03-22,1
20040309,48271,Kinney County,TX,100.00,0.00,0.00,0.00,0.00,0.00,2004-03-09,2004-03-15,1
20040302,48271,Kinney County,TX,100.00,0.00,0.00,0.00,0.00,0.00,2004-03-02,2004-03-08,1
20040224,48271,Kinney County,TX,100.00,0.00,0.00,0.00,0.00,0.00,2004-02-24,2004-03-01,1
20040217,48271,Kinney County,TX,100.00,0.00,0.00,0.00,0.00,0.00,2004-02-17,2004-02-23,1
20040210,48271,Kinney County,TX,100.00,0.00,0.00,0.00,0.00,0.00,2004-02-10,2004-02-16,1
20040203,48271,Kinney County,TX,100.00,0.00,0.00,0.00,0.00,0.00,2004-02-03,2004-02-09,1
20040127,48271,Kinney County,TX,100.00,0.00,0.00,0.00,0.00,0.00,2004-01-27,2004-02-02,1
20040120,48271,Kinney County,TX,100.00,0.00,0.00,0.00,0.00,0.00,2004-01-20,2004-01-26,1
20040113,48271,Kinney County,TX,88.37,11.63,0.00,0.00,0.00,0.00,2004-01-13,2004-01-19,1
20040106,48271,Kinney County,TX,98.67,1.33,0.00,0.00,0.00,0.00,2004-01-06,2004-01-12,1
20031230,48271,Kinney County,TX,100.00,0.00,0.00,0.00,0.00,0.00,2003-12-30,2004-01-05,1
20031223,48271,Kinney County,TX,100.00,0.00,0.00,0.00,0.00,0.00,2003-12-23,2003-12-29,1
20031216,48271,Kinney County,TX,100.00,0.00,0.00,0.00,0.00,0.00,2003-12-16,2003-12-22,1
20031209,48271,Kinney County,TX,100.00,0.00,0.00,0.00,0.00,0.00,2003-12-09,2003-12-15,1
20031202,48271,Kinney County,TX,100.00,0.00,0.00,0.00,0.00,0.00,2003-12-02,2003-12-08,1
20031125,48271,Kinney County,TX,100.00,0.00,0.00,0.00,0.00,0.00,2003-11-25,2003-12-01,1
20031118,48271,Kinney County,TX,100.00,0.00,0.00,0.00,0.00,0.00,2003-11-18,2003-11-24,1
20031111,48271,Kinney County,TX,100.00,0.00,0.00,0.00,0.00,0.00,2003-11-11,2003-11-17,1
20031104,48271,Kinney County,TX,100.00,0.00,0.00,0.00,0.00,0.00,2003-11-04,2003-11-10,1
20031028,48271,Kinney County,TX,100.00,0.00,0.00,0.00,0.00,0.00,2003-10-28,2003-11-03,1
20031021,48271,Kinney County,TX,100.00,0.00,0.00,0.00,0.00,0.00,2003-10-21,2003-10-27,1
20031014,48271,Kinney County,TX,100.00,0.00,0.00,0.00,0.00,0.00,2003-10-14,2003-10-20,1
20031007,48271,Kinney County,TX,100.00,0.00,0.00,0.00,0.00,0.00,2003-10-07,2003-10-13,1
20030930,48271,Kinney County,TX,100.00,0.00,0.00,0.00,0.00,0.00,2003-09-30,2003-10-06,1
20030923,48271,Kinney County,TX,100.00,0.00,0.00,0.00,0.00,0.00,2003-09-23,2003-09-29,1
20030916,48271,Kinney County,TX,100.00,0.00,0.00,0.00,0.00,0.00,2003-09-16,2003-09-22,1
20030909,48271,Kinney County,TX,99.42,0.58,0.00,0.00,0.00,0.00,2003-09-09,2003-09-15,1
20030902,48271,Kinney County,TX,96.88,3.12,0.00,0.00,0.00,0.00,2003-09-02,2003-09-08,1
20030826,48271,Kinney County,TX,100.00,0.00,0.00,0.00,0.00,0.00,2003-08-26,2003-09-01,1
20030819,48271,Kinney County,TX,99.97,0.03,0.00,0.00,0.00,0.00,2003-08-19,2003-08-25,1
20030812,48271,Kinney County,TX,86.18,13.82,0.00,0.00,0.00,0.00,2003-08-12,2003-08-18,1
20030805,48271,Kinney County,TX,100.00,0.00,0.00,0.00,0.00,0.00,2003-08-05,2003-08-11,1
20030729,48271,Kinney County,TX,100.00,0.00,0.00,0.00,0.00,0.00,2003-07-29,2003-08-04,1
20030722,48271,Kinney County,TX,100.00,0.00,0.00,0.00,0.00,0.00,2003-07-22,2003-07-28,1
20030715,48271,Kinney County,TX,100.00,0.00,0.00,0.00,0.00,0.00,2003-07-15,2003-07-21,1
20030708,48271,Kinney County,TX,67.11,32.89,0.00,0.00,0.00,0.00,2003-07-08,2003-07-14,1
20030701,48271,Kinney County,TX,0.00,100.00,29.11,0.00,0.00,0.00,2003-07-01,2003-07-07,1
20030624,48271,Kinney County,TX,0.00,100.00,28.15,0.00,0.00,0.00,2003-06-24,2003-06-30,1
20030617,48271,Kinney County,TX,0.00,100.00,29.52,0.00,0.00,0.00,2003-06-17,2003-06-23,1
20030610,48271,Kinney County,TX,0.00,100.00,100.00,0.00,0.00,0.00,2003-06-10,2003-06-16,1
20030603,48271,Kinney County,TX,0.00,100.00,100.00,55.46,0.00,0.00,2003-06-03,2003-06-09,1
20030527,48271,Kinney County,TX,0.00,100.00,100.00,94.61,0.00,0.00,2003-05-27,2003-06-02,1
20030520,48271,Kinney County,TX,0.00,100.00,100.00,0.00,0.00,0.00,2003-05-20,2003-05-26,1
20030513,48271,Kinney County,TX,0.00,100.00,0.00,0.00,0.00,0.00,2003-05-13,2003-05-19,1
20030506,48271,Kinney County,TX,0.00,100.00,0.00,0.00,0.00,0.00,2003-05-06,2003-05-12,1
20030429,48271,Kinney County,TX,0.00,100.00,0.00,0.00,0.00,0.00,2003-04-29,2003-05-05,1
20030422,48271,Kinney County,TX,100.00,0.00,0.00,0.00,0.00,0.00,2003-04-22,2003-04-28,1
20030415,48271,Kinney County,TX,100.00,0.00,0.00,0.00,0.00,0.00,2003-04-15,2003-04-21,1
20030408,48271,Kinney County,TX,100.00,0.00,0.00,0.00,0.00,0.00,2003-04-08,2003-04-14,1
20030401,48271,Kinney County,TX,100.00,0.00,0.00,0.00,0.00,0.00,2003-04-01,2003-04-07,1
20030325,48271,Kinney County,TX,100.00,0.00,0.00,0.00,0.00,0.00,2003-03-25,2003-03-31,1
20030318,48271,Kinney County,TX,100.00,0.00,0.00,0.00,0.00,0.00,2003-03-18,2003-03-24,1
20030311,48271,Kinney County,TX,100.00,0.00,0.00,0.00,0.00,0.00,2003-03-11,2003-03-17,1
20030304,48271,Kinney County,TX,100.00,0.00,0.00,0.00,0.00,0.00,2003-03-04,2003-03-10,1
20030225,48271,Kinney County,TX,100.00,0.00,0.00,0.00,0.00,0.00,2003-02-25,2003-03-03,1
20030218,48271,Kinney County,TX,100.00,0.00,0.00,0.00,0.00,0.00,2003-02-18,2003-02-24,1
20030211,48271,Kinney County,TX,100.00,0.00,0.00,0.00,0.00,0.00,2003-02-11,2003-02-17,1
20030204,48271,Kinney County,TX,100.00,0.00,0.00,0.00,0.00,0.00,2003-02-04,2003-02-10,1
20030128,48271,Kinney County,TX,100.00,0.00,0.00,0.00,0.00,0.00,2003-01-28,2003-02-03,1
20030121,48271,Kinney County,TX,100.00,0.00,0.00,0.00,0.00,0.00,2003-01-21,2003-01-27,1
20030114,48271,Kinney County,TX,100.00,0.00,0.00,0.00,0.00,0.00,2003-01-14,2003-01-20,1
20030107,48271,Kinney County,TX,100.00,0.00,0.00,0.00,0.00,0.00,2003-01-07,2003-01-13,1
20021231,48271,Kinney County,TX,100.00,0.00,0.00,0.00,0.00,0.00,2002-12-31,2003-01-06,1
20021224,48271,Kinney County,TX,100.00,0.00,0.00,0.00,0.00,0.00,2002-12-24,2002-12-30,1
20021217,48271,Kinney County,TX,100.00,0.00,0.00,0.00,0.00,0.00,2002-12-17,2002-12-23,1
20021210,48271,Kinney County,TX,100.00,0.00,0.00,0.00,0.00,0.00,2002-12-10,2002-12-16,1
20021203,48271,Kinney County,TX,100.00,0.00,0.00,0.00,0.00,0.00,2002-12-03,2002-12-09,1
20021126,48271,Kinney County,TX,100.00,0.00,0.00,0.00,0.00,0.00,2002-11-26,2002-12-02,1
20021119,48271,Kinney County,TX,100.00,0.00,0.00,0.00,0.00,0.00,2002-11-19,2002-11-25,1
20021112,48271,Kinney County,TX,100.00,0.00,0.00,0.00,0.00,0.00,2002-11-12,2002-11-18,1
20021105,48271,Kinney County,TX,100.00,0.00,0.00,0.00,0.00,0.00,2002-11-05,2002-11-11,1
20021029,48271,Kinney County,TX,100.00,0.00,0.00,0.00,0.00,0.00,2002-10-29,2002-11-04,1
20021022,48271,Kinney County,TX,48.97,51.03,0.00,0.00,0.00,0.00,2002-10-22,2002-10-28,1
20021015,48271,Kinney County,TX,25.04,74.96,0.00,0.00,0.00,0.00,2002-10-15,2002-10-21,1
20021008,48271,Kinney County,TX,28.31,71.69,0.00,0.00,0.00,0.00,2002-10-08,2002-10-14,1
20021001,48271,Kinney County,TX,35.11,64.89,0.00,0.00,0.00,0.00,2002-10-01,2002-10-07,1
20020924,48271,Kinney County,TX,32.76,67.24,0.00,0.00,0.00,0.00,2002-09-24,2002-09-30,1
20020917,48271,Kinney County,TX,32.52,67.48,0.00,0.00,0.00,0.00,2002-09-17,2002-09-23,1
20020910,48271,Kinney County,TX,53.86,46.14,0.00,0.00,0.00,0.00,2002-09-10,2002-09-16,1
20020903,48271,Kinney County,TX,0.00,100.00,50.14,0.00,0.00,0.00,2002-09-03,2002-09-09,1
20020827,48271,Kinney County,TX,39.78,60.22,36.26,0.00,0.00,0.00,2002-08-27,2002-09-02,1
20020820,48271,Kinney County,TX,53.18,46.82,34.07,0.00,0.00,0.00,2002-08-20,2002-08-26,1
20020813,48271,Kinney County,TX,17.00,83.00,30.44,0.00,0.00,0.00,2002-08-13,2002-08-19,1
20020806,48271,Kinney County,TX,13.21,86.79,42.97,0.00,0.00,0.00,2002-08-06,2002-08-12,1
20020730,48271,Kinney County,TX,0.74,99.26,13.89,0.00,0.00,0.00,2002-07-30,2002-08-05,1
20020723,48271,Kinney County,TX,21.07,78.93,3.52,0.00,0.00,0.00,2002-07-23,2002-07-29,1
20020716,48271,Kinney County,TX,9.17,90.83,29.07,0.00,0.00,0.00,2002-07-16,2002-07-22,1
20020709,48271,Kinney County,TX,0.00,100.00,94.12,15.47,0.00,0.00,2002-07-09,2002-07-15,1
20020702,48271,Kinney County,TX,0.00,100.00,100.00,43.19,0.00,0.00,2002-07-02,2002-07-08,1
20020625,48271,Kinney County,TX,0.00,100.00,100.00,67.18,0.00,0.00,2002-06-25,2002-07-01,1
20020618,48271,Kinney County,TX,0.00,100.00,100.00,0.00,0.00,0.00,2002-06-18,2002-06-24,1
20020611,48271,Kinney County,TX,0.00,100.00,100.00,0.00,0.00,0.00,2002-06-11,2002-06-17,1
20020604,48271,Kinney County,TX,0.00,100.00,100.00,0.00,0.00,0.00,2002-06-04,2002-06-10,1
20020528,48271,Kinney County,TX,0.00,100.00,100.00,0.00,0.00,0.00,2002-05-28,2002-06-03,1
20020521,48271,Kinney County,TX,0.00,100.00,100.00,0.00,0.00,0.00,2002-05-21,2002-05-27,1
20020514,48271,Kinney County,TX,0.00,100.00,100.00,0.00,0.00,0.00,2002-05-14,2002-05-20,1
20020507,48271,Kinney County,TX,0.00,100.00,99.99,0.00,0.00,0.00,2002-05-07,2002-05-13,1
20020430,48271,Kinney County,TX,0.00,100.00,41.71,0.00,0.00,0.00,2002-04-30,2002-05-06,1
20020423,48271,Kinney County,TX,0.00,100.00,36.59,0.00,0.00,0.00,2002-04-23,2002-04-29,1
20020416,48271,Kinney County,TX,0.01,99.99,32.85,0.00,0.00,0.00,2002-04-16,2002-04-22,1
20020409,48271,Kinney County,TX,0.00,100.00,100.00,0.00,0.00,0.00,2002-04-09,2002-04-15,1
20020402,48271,Kinney County,TX,0.00,100.00,100.00,0.00,0.00,0.00,2002-04-02,2002-04-08,1
20020326,48271,Kinney County,TX,0.00,100.00,100.00,0.00,0.00,0.00,2002-03-26,2002-04-01,1
20020319,48271,Kinney County,TX,0.00,100.00,100.00,0.00,0.00,0.00,2002-03-19,2002-03-25,1
20020312,48271,Kinney County,TX,0.00,100.00,100.00,0.00,0.00,0.00,2002-03-12,2002-03-18,1
20020305,48271,Kinney County,TX,0.00,100.00,16.41,0.00,0.00,0.00,2002-03-05,2002-03-11,1
20020226,48271,Kinney County,TX,0.00,100.00,14.37,0.00,0.00,0.00,2002-02-26,2002-03-04,1
20020219,48271,Kinney County,TX,24.15,75.85,15.57,0.70,0.00,0.00,2002-02-19,2002-02-25,1
20020212,48271,Kinney County,TX,25.56,74.44,13.35,0.00,0.00,0.00,2002-02-12,2002-02-18,1
20020205,48271,Kinney County,TX,9.28,90.72,10.45,0.00,0.00,0.00,2002-02-05,2002-02-11,1
20020129,48271,Kinney County,TX,1.74,98.26,7.62,0.00,0.00,0.00,2002-01-29,2002-02-04,1
20020122,48271,Kinney County,TX,8.97,91.03,11.51,0.00,0.00,0.00,2002-01-22,2002-01-28,1
20020115,48271,Kinney County,TX,11.76,88.24,11.79,0.00,0.00,0.00,2002-01-15,2002-01-21,1
20020108,48271,Kinney County,TX,6.50,93.50,20.07,0.00,0.00,0.00,2002-01-08,2002-01-14,1
20020101,48271,Kinney County,TX,15.57,84.43,13.37,0.00,0.00,0.00,2002-01-01,2002-01-07,1
20011225,48271,Kinney County,TX,24.14,75.86,5.59,0.00,0.00,0.00,2001-12-25,2001-12-31,1
20011218,48271,Kinney County,TX,24.14,75.86,5.59,0.00,0.00,0.00,2001-12-18,2001-12-24,1
20011211,48271,Kinney County,TX,0.20,99.80,11.89,0.00,0.00,0.00,2001-12-11,2001-12-17,1
20011204,48271,Kinney County,TX,0.00,100.00,100.00,0.00,0.00,0.00,2001-12-04,2001-12-10,1
20011127,48271,Kinney County,TX,0.00,100.00,96.35,0.00,0.00,0.00,2001-11-27,2001-12-03,1
20011120,48271,Kinney County,TX,0.00,100.00,100.00,48.83,0.00,0.00,2001-11-20,2001-11-26,1
20011113,48271,Kinney County,TX,0.00,100.00,100.00,85.37,0.00,0.00,2001-11-13,2001-11-19,1
20011106,48271,Kinney County,TX,0.00,100.00,100.00,91.85,0.00,0.00,2001-11-06,2001-11-12,1
20011030,48271,Kinney County,TX,0.00,100.00,100.00,38.92,0.00,0.00,2001-10-30,2001-11-05,1
20011023,48271,Kinney County,TX,0.00,100.00,100.00,39.25,0.00,0.00,2001-10-23,2001-10-29,1
20011016,48271,Kinney County,TX,0.00,100.00,76.28,0.00,0.00,0.00,2001-10-16,2001-10-22,1
20011009,48271,Kinney County,TX,0.00,100.00,76.28,0.00,0.00,0.00,2001-10-09,2001-10-15,1
20011002,48271,Kinney County,TX,0.00,100.00,76.28,0.00,0.00,0.00,2001-10-02,2001-10-08,1
20010925,48271,Kinney County,TX,0.00,100.00,76.28,0.00,0.00,0.00,2001-09-25,2001-10-01,1
20010918,48271,Kinney County,TX,0.00,100.00,75.92,0.00,0.00,0.00,2001-09-18,2001-09-24,1
20010911,48271,Kinney County,TX,0.00,100.00,88.80,0.00,0.00,0.00,2001-09-11,2001-09-17,1
20010904,48271,Kinney County,TX,0.00,100.00,80.91,0.00,0.00,0.00,2001-09-04,2001-09-10,1
20010828,48271,Kinney County,TX,0.00,100.00,68.09,0.00,0.00,0.00,2001-08-28,2001-09-03,1
20010821,48271,Kinney County,TX,0.00,100.00,100.00,0.00,0.00,0.00,2001-08-21,2001-08-27,1
20010814,48271,Kinney County,TX,0.00,100.00,100.00,0.00,0.00,0.00,2001-08-14,2001-08-20,1
20010807,48271,Kinney County,TX,0.00,100.00,100.00,0.00,0.00,0.00,2001-08-07,2001-08-13,1
20010731,48271,Kinney County,TX,0.00,100.00,100.00,0.00,0.00,0.00,2001-07-31,2001-08-06,1
20010724,48271,Kinney County,TX,0.00,100.00,100.00,0.00,0.00,0.00,2001-07-24,2001-07-30,1
20010717,48271,Kinney County,TX,0.00,100.00,21.87,0.00,0.00,0.00,2001-07-17,2001-07-23,1
20010710,48271,Kinney County,TX,0.00,100.00,3.60,0.00,0.00,0.00,2001-07-10,2001-07-16,1
20010703,48271,Kinney County,TX,0.00,100.00,0.00,0.00,0.00,0.00,2001-07-03,2001-07-09,1
20010626,48271,Kinney County,TX,0.00,100.00,0.00,0.00,0.00,0.00,2001-06-26,2001-07-02,1
20010619,48271,Kinney County,TX,38.91,61.09,0.00,0.00,0.00,0.00,2001-06-19,2001-06-25,1
20010612,48271,Kinney County,TX,46.86,53.14,0.00,0.00,0.00,0.00,2001-06-12,2001-06-18,1
20010605,48271,Kinney County,TX,100.00,0.00,0.00,0.00,0.00,0.00,2001-06-05,2001-06-11,1
20010529,48271,Kinney County,TX,100.00,0.00,0.00,0.00,0.00,0.00,2001-05-29,2001-06-04,1
20010522,48271,Kinney County,TX,100.00,0.00,0.00,0.00,0.00,0.00,2001-05-22,2001-05-28,1
20010515,48271,Kinney County,TX,100.00,0.00,0.00,0.00,0.00,0.00,2001-05-15,2001-05-21,1
20010508,48271,Kinney County,TX,100.00,0.00,0.00,0.00,0.00,0.00,2001-05-08,2001-05-14,1
20010501,48271,Kinney County,TX,10.49,89.51,0.00,0.00,0.00,0.00,2001-05-01,2001-05-07,1
20010424,48271,Kinney County,TX,100.00,0.00,0.00,0.00,0.00,0.00,2001-04-24,2001-04-30,1
20010417,48271,Kinney County,TX,100.00,0.00,0.00,0.00,0.00,0.00,2001-04-17,2001-04-23,1
20010410,48271,Kinney County,TX,100.00,0.00,0.00,0.00,0.00,0.00,2001-04-10,2001-04-16,1
20010403,48271,Kinney County,TX,100.00,0.00,0.00,0.00,0.00,0.00,2001-04-03,2001-04-09,1
20010327,48271,Kinney County,TX,100.00,0.00,0.00,0.00,0.00,0.00,2001-03-27,2001-04-02,1
20010320,48271,Kinney County,TX,100.00,0.00,0.00,0.00,0.00,0.00,2001-03-20,2001-03-26,1
20010313,48271,Kinney County,TX,100.00,0.00,0.00,0.00,0.00,0.00,2001-03-13,2001-03-19,1
20010306,48271,Kinney County,TX,100.00,0.00,0.00,0.00,0.00,0.00,2001-03-06,2001-03-12,1
20010227,48271,Kinney County,TX,100.00,0.00,0.00,0.00,0.00,0.00,2001-02-27,2001-03-05,1
20010220,48271,Kinney County,TX,100.00,0.00,0.00,0.00,0.00,0.00,2001-02-20,2001-02-26,1
20010213,48271,Kinney County,TX,100.00,0.00,0.00,0.00,0.00,0.00,2001-02-13,2001-02-19,1
20010206,48271,Kinney County,TX,100.00,0.00,0.00,0.00,0.00,0.00,2001-02-06,2001-02-12,1
20010130,48271,Kinney County,TX,100.00,0.00,0.00,0.00,0.00,0.00,2001-01-30,2001-02-05,1
20010123,48271,Kinney County,TX,100.00,0.00,0.00,0.00,0.00,0.00,2001-01-23,2001-01-29,1
20010116,48271,Kinney County,TX,100.00,0.00,0.00,0.00,0.00,0.00,2001-01-16,2001-01-22,1
20010109,48271,Kinney County,TX,100.00,0.00,0.00,0.00,0.00,0.00,2001-01-09,2001-01-15,1
20010102,48271,Kinney County,TX,100.00,0.00,0.00,0.00,0.00,0.00,2001-01-02,2001-01-08,1
20001226,48271,Kinney County,TX,100.00,0.00,0.00,0.00,0.00,0.00,2000-12-26,2001-01-01,1
20001219,48271,Kinney County,TX,100.00,0.00,0.00,0.00,0.00,0.00,2000-12-19,2000-12-25,1
20001212,48271,Kinney County,TX,100.00,0.00,0.00,0.00,0.00,0.00,2000-12-12,2000-12-18,1
20001205,48271,Kinney County,TX,100.00,0.00,0.00,0.00,0.00,0.00,2000-12-05,2000-12-11,1
20001128,48271,Kinney County,TX,0.00,100.00,0.00,0.00,0.00,0.00,2000-11-28,2000-12-04,1
20001121,48271,Kinney County,TX,0.00,100.00,0.00,0.00,0.00,0.00,2000-11-21,2000-11-27,1
20001114,48271,Kinney County,TX,0.00,100.00,0.00,0.00,0.00,0.00,2000-11-14,2000-11-20,1
20001107,48271,Kinney County,TX,39.31,60.69,0.00,0.00,0.00,0.00,2000-11-07,2000-11-13,1
20001031,48271,Kinney County,TX,0.00,100.00,100.00,0.00,0.00,0.00,2000-10-31,2000-11-06,1
20001024,48271,Kinney County,TX,0.00,100.00,100.00,0.00,0.00,0.00,2000-10-24,2000-10-30,1
20001017,48271,Kinney County,TX,0.00,100.00,100.00,6.95,0.00,0.00,2000-10-17,2000-10-23,1
20001010,48271,Kinney County,TX,0.00,100.00,100.00,100.00,0.00,0.00,2000-10-10,2000-10-16,1
20001003,48271,Kinney County,TX,0.00,100.00,100.00,100.00,100.00,0.00,2000-10-03,2000-10-09,1
20000926,48271,Kinney County,TX,0.00,100.00,100.00,100.00,100.00,0.00,2000-09-26,2000-10-02,1
20000919,48271,Kinney County,TX,0.00,100.00,100.00,100.00,100.00,12.52,2000-09-19,2000-09-25,1
20000912,48271,Kinney County,TX,0.00,100.00,100.00,100.00,100.00,12.52,2000-09-12,2000-09-18,1
20000905,48271,Kinney County,TX,0.00,100.00,100.00,100.00,100.00,12.52,2000-09-05,2000-09-11,1
20000829,48271,Kinney County,TX,0.00,100.00,100.00,100.00,85.93,0.00,2000-08-29,2000-09-04,1
20000822,48271,Kinney County,TX,0.00,100.00,100.00,100.00,73.24,0.00,2000-08-22,2000-08-28,1
20000815,48271,Kinney County,TX,0.00,100.00,100.00,100.00,0.00,0.00,2000-08-15,2000-08-21,1
20000808,48271,Kinney County,TX,0.00,100.00,100.00,99.89,0.00,0.00,2000-08-08,2000-08-14,1
20000801,48271,Kinney County,TX,0.00,100.00,100.00,61.93,0.00,0.00,2000-08-01,2000-08-07,1
20000725,48271,Kinney County,TX,0.00,100.00,100.00,10.27,0.00,0.00,2000-07-25,2000-07-31,1
20000718,48271,Kinney County,TX,0.00,100.00,100.00,4.09,0.00,0.00,2000-07-18,2000-07-24,1
20000711,48271,Kinney County,TX,0.00,100.00,100.00,4.09,0.00,0.00,2000-07-11,2000-07-17,1
20000704,48271,Kinney County,TX,0.00,100.00,100.00,0.00,0.00,0.00,2000-07-04,2000-07-10,1
20000627,48271,Kinney County,TX,0.00,100.00,100.00,0.00,0.00,0.00,2000-06-27,2000-07-03,1
20000620,48271,Kinney County,TX,0.00,100.00,100.00,42.61,0.00,0.00,2000-06-20,2000-06-26,1
20000613,48271,Kinney County,TX,0.00,100.00,100.00,68.57,0.00,0.00,2000-06-13,2000-06-19,1
20000606,48271,Kinney County,TX,0.00,100.00,100.00,68.58,0.00,0.00,2000-06-06,2000-06-12,1
20000530,48271,Kinney County,TX,0.00,100.00,100.00,100.00,0.00,0.00,2000-05-30,2000-06-05,1
20000523,48271,Kinney County,TX,0.00,100.00,100.00,100.00,0.00,0.00,2000-05-23,2000-05-29,1
20000516,48271,Kinney County,TX,0.00,100.00,100.00,100.00,0.00,0.00,2000-05-16,2000-05-22,1
20000509,48271,Kinney County,TX,0.00,100.00,100.00,100.00,0.00,0.00,2000-05-09,2000-05-15,1
20000502,48271,Kinney County,TX,0.00,100.00,100.00,100.00,0.00,0.00,2000-05-02,2000-05-08,1
20000425,48271,Kinney County,TX,0.00,100.00,100.00,100.00,0.00,0.00,2000-04-25,2000-05-01,1
20000418,48271,Kinney County,TX,0.00,100.00,100.00,100.00,0.00,0.00,2000-04-18,2000-04-24,1
20000411,48271,Kinney County,TX,0.00,100.00,100.00,100.00,0.00,0.00,2000-04-11,2000-04-17,1
20000404,48271,Kinney County,TX,0.00,100.00,100.00,100.00,0.00,0.00,2000-04-04,2000-04-10,1
20000328,48271,Kinney County,TX,0.00,100.00,100.00,100.00,0.00,0.00,2000-03-28,2000-04-03,1
20000321,48271,Kinney County,TX,0.00,100.00,100.00,100.00,0.00,0.00,2000-03-21,2000-03-27,1
20000314,48271,Kinney County,TX,0.00,100.00,100.00,100.00,0.00,0.00,2000-03-14,2000-03-20,1
20000307,48271,Kinney County,TX,0.00,100.00,100.00,100.00,0.00,0.00,2000-03-07,2000-03-13,1
20000229,48271,Kinney County,TX,0.00,100.00,100.00,100.00,0.00,0.00,2000-02-29,2000-03-06,1
20000222,48271,Kinney County,TX,0.00,100.00,100.00,100.00,0.00,0.00,2000-02-22,2000-02-28,1
20000215,48271,Kinney County,TX,0.00,100.00,100.00,75.42,0.00,0.00,2000-02-15,2000-02-21,1
20000208,48271,Kinney County,TX,0.00,100.00,100.00,75.42,0.00,0.00,2000-02-08,2000-02-14,1
20000201,48271,Kinney County,TX,0.00,100.00,100.00,75.42,0.00,0.00,2000-02-01,2000-02-07,1
20000125,48271,Kinney County,TX,0.00,100.00,100.00,49.98,0.00,0.00,2000-01-25,2000-01-31,1
20000118,48271,Kinney County,TX,0.00,100.00,100.00,49.98,0.00,0.00,2000-01-18,2000-01-24,1
20000111,48271,Kinney County,TX,0.00,100.00,100.00,49.98,0.00,0.00,2000-01-11,2000-01-17,1
20000104,48271,Kinney County,TX,0.00,100.00,100.00,49.98,0.00,0.00,2000-01-04,2000-01-10,1
