MapDate,FIPS,County,State,None,D0,D1,D2,D3,D4,ValidStart,ValidEnd,StatisticFormatID
20241231,04001,Apache County,AZ,21.60,78.40,30.01,1.11,0.00,0.00,2024-12-31,2025-01-06,1
20241224,04001,Apache County,AZ,24.88,75.12,20.12,1.11,0.00,0.00,2024-12-24,2024-12-30,1
20241217,04001,Apache County,AZ,33.38,66.62,20.12,1.11,0.00,0.00,2024-12-17,2024-12-23,1
20241210,04001,Apache County,AZ,33.20,66.80,20.12,1.11,0.00,0.00,2024-12-10,2024-12-16,1
20241203,04001,Apache County,AZ,33.20,66.80,20.12,1.11,0.00,0.00,2024-12-03,2024-12-09,1
20241126,04001,Apache County,AZ,37.67,62.33,17.13,1.11,0.00,0.00,2024-11-26,2024-12-02,1
20241119,04001,Apache County,AZ,37.65,62.35,17.13,0.00,0.00,0.00,2024-11-19,2024-11-25,1
20241112,04001,Apache County,AZ,37.87,62.13,17.13,0.00,0.00,0.00,2024-11-12,2024-11-18,1
20241105,04001,Apache County,AZ,37.86,62.14,10.70,0.00,0.00,0.00,2024-11-05,2024-11-11,1
20241029,04001,Apache County,AZ,37.64,62.36,10.71,0.00,0.00,0.00,2024-10-29,2024-11-04,1
20241022,04001,Apache County,AZ,37.48,62.52,9.71,0.00,0.00,0.00,2024-10-22,2024-10-28,1
20241015,04001,Apache County,AZ,26.90,73.10,9.71,0.00,0.00,0.00,2024-10-15,2024-10-21,1
20241008,04001,Apache County,AZ,27.40,72.60,9.74,0.00,0.00,0.00,2024-10-08,2024-10-14,1
20241001,04001,Apache County,AZ,48.22,51.78,9.74,0.00,0.00,0.00,2024-10-01,2024-10-07,1
20240924,04001,Apache County,AZ,48.00,52.00,9.74,0.00,0.00,0.00,2024-09-24,2024-09-30,1
20240917,04001,Apache County,AZ,48.00,52.00,9.74,0.00,0.00,0.00,2024-09-17,2024-09-23,1
20240910,04001,Apache County,AZ,48.00,52.00,9.74,0.00,0.00,0.00,2024-09-10,2024-09-16,1
20240903,04001,Apache County,AZ,24.58,75.42,9.74,0.00,0.00,0.00,2024-09-03,2024-09-09,1
20240827,04001,Apache County,AZ,19.73,80.27,9.74,0.00,0.00,0.00,2024-08-27,2024-09-02,1
20240820,04001,Apache County,AZ,19.39,80.61,9.74,0.00,0.00,0.00,2024-08-20,2024-08-26,1
20240813,04001,Apache County,AZ,19.34,80.66,9.74,0.00,0.00,0.00,2024-08-13,2024-08-19,1
20240806,04001,Apache County,AZ,19.32,80.68,9.74,0.00,0.00,0.00,2024-08-06,2024-08-12,1
20240730,04001,Apache County,AZ,33.81,66.19,15.18,0.00,0.00,0.00,2024-07-30,2024-08-05,1
20240723,04001,Apache County,AZ,33.80,66.20,15.18,0.00,0.00,0.00,2024-07-23,2024-07-29,1
20240716,04001,Apache County,AZ,33.80,66.20,15.18,0.00,0.00,0.00,2024-07-16,2024-07-22,1
20240709,04001,Apache County,AZ,34.49,65.51,15.18,0.00,0.00,0.00,2024-07-09,2024-07-15,1
20240702,04001,Apache County,AZ,20.77,79.23,15.18,0.00,0.00,0.00,2024-07-02,2024-07-08,1
20240625,04001,Apache County,AZ,0.00,100.00,15.26,0.00,0.00,0.00,2024-06-25,2024-07-01,1
20240618,04001,Apache County,AZ,0.00,100.00,15.26,0.00,0.00,0.00,2024-06-18,2024-06-24,1
20240611,04001,Apache County,AZ,0.00,100.00,15.26,0.00,0.00,0.00,2024-06-11,2024-06-17,1
20240604,04001,Apache County,AZ,0.00,100.00,15.32,0.00,0.00,0.00,2024-06-04,2024-06-10,1
20240528,04001,Apache County,AZ,0.00,100.00,15.32,0.00,0.00,0.00,2024-05-28,2024-06-03,1
20240521,04001,Apache County,AZ,0.00,100.00,15.32,0.00,0.00,0.00,2024-05-21,2024-05-27,1
20240514,04001,Apache County,AZ,0.00,100.00,21.72,0.00,0.00,0.00,2024-05-14,2024-05-20,1
20240507,04001,Apache County,AZ,0.00,100.00,21.72,0.00,0.00,0.00,2024-05-07,2024-05-13,1
20240430,04001,Apache County,AZ,0.00,100.00,21.72,0.00,0.00,0.00,2024-04-30,2024-05-06,1
20240423,04001,Apache County,AZ,0.00,100.00,21.72,0.00,0.00,0.00,2024-04-23,2024-04-29,1
20240416,04001,Apache County,AZ,0.00,100.00,26.47,12.04,0.00,0.00,2024-04-16,2024-04-22,1
20240409,04001,Apache County,AZ,0.00,100.00,26.47,12.04,0.00,0.00,2024-04-09,2024-04-15,1
20240402,04001,Apache County,AZ,0.00,100.00,26.47,12.04,0.00,0.00,2024-04-02,2024-04-08,1
20240326,04001,Apache County,AZ,0.00,100.00,43.65,18.03,0.00,0.00,2024-03-26,2024-04-01,1
20240319,04001,Apache County,AZ,0.00,100.00,43.65,18.03,0.00,0.00,2024-03-19,2024-03-25,1
20240312,04001,Apache County,AZ,0.00,100.00,45.89,25.64,0.00,0.00,2024-03-12,2024-03-18,1
20240305,04001,Apache County,AZ,0.00,100.00,45.89,25.64,0.00,0.00,2024-03-05,2024-03-11,1
20240227,04001,Apache County,AZ,0.00,100.00,45.89,36.41,0.00,0.00,2024-02-27,2024-03-04,1
20240220,04001,Apache County,AZ,0.00,100.00,45.89,36.41,0.00,0.00,2024-02-20,2024-02-26,1
20240213,04001,Apache County,AZ,0.00,100.00,49.18,36.41,0.00,0.00,2024-02-13,2024-02-19,1
20240206,04001,Apache County,AZ,0.00,100.00,49.26,36.47,0.00,0.00,2024-02-06,2024-02-12,1
20240130,04001,Apache County,AZ,0.00,100.00,96.67,36.47,0.00,0.00,2024-01-30,2024-02-05,1
20240123,04001,Apache County,AZ,0.00,100.00,96.67,36.47,0.00,0.00,2024-01-23,2024-01-29,1
20240116,04001,Apache County,AZ,0.00,100.00,96.67,53.55,0.00,0.00,2024-01-16,2024-01-22,1
20240109,04001,Apache County,AZ,0.00,100.00,96.67,53.55,0.00,0.00,2024-01-09,2024-01-15,1
20240102,04001,Apache County,AZ,0.00,100.00,96.72,53.55,0.00,0.00,2024-01-02,2024-01-08,1
20231226,04001,Apache County,AZ,0.00,100.00,96.72,53.55,0.00,0.00,2023-12-26,2024-01-01,1
20231219,04001,Apache County,AZ,0.00,100.00,96.72,53.55,0.00,0.00,2023-12-19,2023-12-25,1
20231212,04001,Apache County,AZ,0.00,100.00,96.72,53.55,0.00,0.00,2023-12-12,2023-12-18,1
20231205,04001,Apache County,AZ,0.00,100.00,96.72,53.55,0.00,0.00,2023-12-05,2023-12-11,1
20231128,04001,Apache County,AZ,0.00,100.00,96.72,53.55,0.00,0.00,2023-11-28,2023-12-04,1
20231121,04001,Apache County,AZ,0.00,100.00,96.72,53.09,0.00,0.00,2023-11-21,2023-11-27,1
20231114,04001,Apache County,AZ,0.00,100.00,96.72,53.09,0.00,0.00,2023-11-14,2023-11-20,1
20231107,04001,Apache County,AZ,0.00,100.00,96.72,53.09,0.00,0.00,2023-11-07,2023-11-13,1
20231031,04001,Apache County,AZ,0.00,100.00,89.20,33.19,0.00,0.00,2023-10-31,2023-11-06,1
20231024,04001,Apache County,AZ,0.00,100.00,89.29,33.19,0.00,0.00,2023-10-24,2023-10-30,1
20231017,04001,Apache County,AZ,0.00,100.00,89.29,33.19,0.00,0.00,2023-10-17,2023-10-23,1
20231010,04001,Apache County,AZ,0.00,100.00,89.29,33.19,0.00,0.00,2023-10-10,2023-10-16,1
20231003,04001,Apache County,AZ,0.00,100.00,89.48,12.36,0.00,0.00,2023-10-03,2023-10-09,1
20230926,04001,Apache County,AZ,0.00,100.00,84.56,7.58,0.00,0.00,2023-09-26,2023-10-02,1
20230919,04001,Apache County,AZ,0.00,100.00,84.56,1.57,0.00,0.00,2023-09-19,2023-09-25,1
20230912,04001,Apache County,AZ,0.00,100.00,84.56,1.57,0.00,0.00,2023-09-12,2023-09-18,1
20230905,04001,Apache County,AZ,0.00,100.00,84.56,1.57,0.00,0.00,2023-09-05,2023-09-11,1
20230829,04001,Apache County,AZ,0.00,100.00,18.31,0.00,0.00,0.00,2023-08-29,2023-09-04,1
20230822,04001,Apache County,AZ,0.00,100.00,18.44,0.00,0.00,0.00,2023-08-22,2023-08-28,1
20230815,04001,Apache County,AZ,0.06,99.94,26.30,0.00,0.00,0.00,2023-08-15,2023-08-21,1
20230808,04001,Apache County,AZ,0.05,99.95,26.34,0.00,0.00,0.00,2023-08-08,2023-08-14,1
20230801,04001,Apache County,AZ,7.90,92.10,0.00,0.00,0.00,0.00,2023-08-01,2023-08-07,1
20230725,04001,Apache County,AZ,8.74,91.26,0.00,0.00,0.00,0.00,2023-07-25,2023-07-31,1
20230718,04001,Apache County,AZ,84.23,15.77,0.00,0.00,0.00,0.00,2023-07-18,2023-07-24,1
20230711,04001,Apache County,AZ,100.00,0.00,0.00,0.00,0.00,0.00,2023-07-11,2023-07-17,1
20230704,04001,Apache County,AZ,100.00,0.00,0.00,0.00,0.00,0.00,2023-07-04,2023-07-10,1
20230627,04001,Apache County,AZ,100.00,0.00,0.00,0.00,0.00,0.00,2023-06-27,2023-07-03,1
20230620,04001,Apache County,AZ,100.00,0.00,0.00,0.00,0.00,0.00,2023-06-20,2023-06-26,1
20230613,04001,Apache County,AZ,100.00,0.00,0.00,0.00,0.00,0.00,2023-06-13,2023-06-19,1
20230606,04001,Apache County,AZ,100.00,0.00,0.00,0.00,0.00,0.00,2023-06-06,2023-06-12,1
20230530,04001,Apache County,AZ,100.00,0.00,0.00,0.00,0.00,0.00,2023-05-30,2023-06-05,1
20230523,04001,Apache County,AZ,100.00,0.00,0.00,0.00,0.00,0.00,2023-05-23,2023-05-29,1
20230516,04001,Apache County,AZ,100.00,0.00,0.00,0.00,0.00,0.00,2023-05-16,2023-05-22,1
20230509,04001,Apache County,AZ,100.00,0.00,0.00,0.00,0.00,0.00,2023-05-09,2023-05-15,1
20230502,04001,Apache County,AZ,100.00,0.00,0.00,0.00,0.00,0.00,2023-05-02,2023-05-08,1
20230425,04001,Apache County,AZ,100.00,0.00,0.00,0.00,0.00,0.00,2023-04-25,2023-05-01,1
20230418,04001,Apache County,AZ,100.00,0.00,0.00,0.00,0.00,0.00,2023-04-18,2023-04-24,1
20230411,04001,Apache County,AZ,100.00,0.00,0.00,0.00,0.00,0.00,2023-04-11,2023-04-17,1
20230404,04001,Apache County,AZ,99.21,0.79,0.00,0.00,0.00,0.00,2023-04-04,2023-04-10,1
20230328,04001,Apache County,AZ,99.21,0.79,0.00,0.00,0.00,0.00,2023-03-28,2023-04-03,1
20230321,04001,Apache County,AZ,96.91,3.09,0.00,0.00,0.00,0.00,2023-03-21,2023-03-27,1
20230314,04001,Apache County,AZ,96.75,3.25,0.00,0.00,0.00,0.00,2023-03-14,2023-03-20,1
20230307,04001,Apache County,AZ,96.72,3.28,0.00,0.00,0.00,0.00,2023-03-07,2023-03-13,1
20230228,04001,Apache County,AZ,96.72,3.28,0.00,0.00,0.00,0.00,2023-02-28,2023-03-06,1
20230221,04001,Apache County,AZ,96.72,3.28,0.64,0.00,0.00,0.00,2023-02-21,2023-02-27,1
20230214,04001,Apache County,AZ,94.84,5.16,0.64,0.00,0.00,0.00,2023-02-14,2023-02-20,1
20230207,04001,Apache County,AZ,45.22,54.78,1.51,0.00,0.00,0.00,2023-02-07,2023-02-13,1
20230131,04001,Apache County,AZ,45.22,54.78,1.51,0.00,0.00,0.00,2023-01-31,2023-02-06,1
20230124,04001,Apache County,AZ,45.22,54.78,1.51,0.00,0.00,0.00,2023-01-24,2023-01-30,1
20230117,04001,Apache County,AZ,45.03,54.97,1.51,0.00,0.00,0.00,2023-01-17,2023-01-23,1
20230110,04001,Apache County,AZ,32.86,67.14,15.87,0.00,0.00,0.00,2023-01-10,2023-01-16,1
20230103,04001,Apache County,AZ,0.00,100.00,26.39,0.00,0.00,0.00,2023-01-03,2023-01-09,1
20221227,04001,Apache County,AZ,0.00,100.00,26.62,0.00,0.00,0.00,2022-12-27,2023-01-02,1
20221220,04001,Apache County,AZ,0.00,100.00,26.62,0.00,0.00,0.00,2022-12-20,2022-12-26,1
20221213,04001,Apache County,AZ,0.00,100.00,26.62,0.00,0.00,0.00,2022-12-13,2022-12-19,1
20221206,04001,Apache County,AZ,0.00,100.00,46.27,0.00,0.00,0.00,2022-12-06,2022-12-12,1
20221129,04001,Apache County,AZ,0.00,100.00,46.27,0.00,0.00,0.00,2022-11-29,2022-12-05,1
20221122,04001,Apache County,AZ,0.00,100.00,46.28,0.00,0.00,0.00,2022-11-22,2022-11-28,1
20221115,04001,Apache County,AZ,0.00,100.00,46.28,0.00,0.00,0.00,2022-11-15,2022-11-21,1
20221108,04001,Apache County,AZ,0.00,100.00,46.28,0.00,0.00,0.00,2022-11-08,2022-11-14,1
20221101,04001,Apache County,AZ,0.00,100.00,46.28,0.00,0.00,0.00,2022-11-01,2022-11-07,1
20221025,04001,Apache County,AZ,0.00,100.00,46.27,0.00,0.00,0.00,2022-10-25,2022-10-31,1
20221018,04001,Apache County,AZ,0.00,100.00,46.27,0.00,0.00,0.00,2022-10-18,2022-10-24,1
20221011,04001,Apache County,AZ,0.00,100.00,51.51,10.82,0.00,0.00,2022-10-11,2022-10-17,1
20221004,04001,Apache County,AZ,0.00,100.00,51.51,10.94,0.00,0.00,2022-10-04,2022-10-10,1
20220927,04001,Apache County,AZ,0.00,100.00,51.64,10.93,0.00,0.00,2022-09-27,2022-10-03,1
20220920,04001,Apache County,AZ,0.00,100.00,56.46,21.97,0.00,0.00,2022-09-20,2022-09-26,1
20220913,04001,Apache County,AZ,0.00,100.00,56.46,21.97,0.00,0.00,2022-09-13,2022-09-19,1
20220906,04001,Apache County,AZ,0.00,100.00,56.46,21.97,0.00,0.00,2022-09-06,2022-09-12,1
20220830,04001,Apache County,AZ,0.00,100.00,56.46,21.97,7.45,0.00,2022-08-30,2022-09-05,1
20220823,04001,Apache County,AZ,0.00,100.00,56.46,21.97,7.45,0.00,2022-08-23,2022-08-29,1
20220816,04001,Apache County,AZ,0.00,100.00,65.82,23.20,7.45,0.00,2022-08-16,2022-08-22,1
20220809,04001,Apache County,AZ,0.00,100.00,75.76,26.18,11.03,0.00,2022-08-09,2022-08-15,1
20220802,04001,Apache County,AZ,0.00,100.00,76.32,26.17,10.64,0.00,2022-08-02,2022-08-08,1
20220726,04001,Apache County,AZ,0.00,100.00,92.36,31.50,10.64,0.00,2022-07-26,2022-08-01,1
20220719,04001,Apache County,AZ,0.00,100.00,100.00,51.63,10.64,0.00,2022-07-19,2022-07-25,1
20220712,04001,Apache County,AZ,0.00,100.00,100.00,51.63,10.64,0.00,2022-07-12,2022-07-18,1
20220705,04001,Apache County,AZ,0.00,100.00,100.00,68.87,10.64,0.00,2022-07-05,2022-07-11,1
20220628,04001,Apache County,AZ,0.00,100.00,100.00,68.87,10.64,0.00,2022-06-28,2022-07-04,1
20220621,04001,Apache County,AZ,0.00,100.00,100.00,76.85,10.64,0.00,2022-06-21,2022-06-27,1
20220614,04001,Apache County,AZ,0.00,100.00,100.00,76.85,10.64,0.00,2022-06-14,2022-06-20,1
20220607,04001,Apache County,AZ,0.00,100.00,100.00,76.85,10.64,0.00,2022-06-07,2022-06-13,1
20220531,04001,Apache County,AZ,0.00,100.00,100.00,77.37,10.64,0.00,2022-05-31,2022-06-06,1
20220524,04001,Apache County,AZ,0.00,100.00,100.00,77.37,10.64,0.00,2022-05-24,2022-05-30,1
20220517,04001,Apache County,AZ,0.00,100.00,100.00,77.37,10.64,0.00,2022-05-17,2022-05-23,1
20220510,04001,Apache County,AZ,0.00,100.00,100.00,77.37,10.64,0.00,2022-05-10,2022-05-16,1
20220503,04001,Apache County,AZ,0.00,100.00,100.00,77.62,10.55,0.00,2022-05-03,2022-05-09,1
20220426,04001,Apache County,AZ,0.00,100.00,100.00,77.62,10.55,0.00,2022-04-26,2022-05-02,1
20220419,04001,Apache County,AZ,0.00,100.00,100.00,73.30,10.55,0.00,2022-04-19,2022-04-25,1
20220412,04001,Apache County,AZ,0.00,100.00,100.00,73.30,10.55,0.00,2022-04-12,2022-04-18,1
20220405,04001,Apache County,AZ,0.00,100.00,100.00,73.30,10.55,0.00,2022-04-05,2022-04-11,1
20220329,04001,Apache County,AZ,0.00,100.00,95.60,56.13,10.55,0.00,2022-03-29,2022-04-04,1
20220322,04001,Apache County,AZ,0.00,100.00,95.79,56.13,10.55,0.00,2022-03-22,2022-03-28,1
20220315,04001,Apache County,AZ,0.00,100.00,95.79,56.13,10.55,0.00,2022-03-15,2022-03-21,1
20220308,04001,Apache County,AZ,0.00,100.00,95.79,56.13,10.55,0.00,2022-03-08,2022-03-14,1
20220301,04001,Apache County,AZ,0.00,100.00,95.79,56.13,10.55,0.00,2022-03-01,2022-03-07,1
20220222,04001,Apache County,AZ,0.00,100.00,89.33,56.13,10.55,0.00,2022-02-22,2022-02-28,1
20220215,04001,Apache County,AZ,0.00,100.00,89.33,56.13,10.55,0.00,2022-02-15,2022-02-21,1
20220208,04001,Apache County,AZ,0.00,100.00,89.33,56.13,10.55,0.00,2022-02-08,2022-02-14,1
20220201,04001,Apache County,AZ,0.00,100.00,89.33,56.13,10.55,0.00,2022-02-01,2022-02-07,1
20220125,04001,Apache County,AZ,0.00,100.00,89.33,56.13,10.55,0.00,2022-01-25,2022-01-31,1
20220118,04001,Apache County,AZ,0.00,100.00,89.33,56.13,10.55,0.00,2022-01-18,2022-01-24,1
20220111,04001,Apache County,AZ,0.00,100.00,89.33,56.13,10.55,0.00,2022-01-11,2022-01-17,1
20220104,04001,Apache County,AZ,0.00,100.00,88.75,57.98,10.55,0.00,2022-01-04,2022-01-10,1
20211228,04001,Apache County,AZ,0.00,100.00,88.64,57.98,10.55,0.00,2021-12-28,2022-01-03,1
20211221,04001,Apache County,AZ,0.00,100.00,91.32,58.32,11.20,0.00,2021-12-21,2021-12-27,1
20211214,04001,Apache County,AZ,0.00,100.00,91.07,58.27,11.00,0.00,2021-12-14,2021-12-20,1
20211207,04001,Apache County,AZ,0.00,100.00,91.02,58.27,11.00,0.00,2021-12-07,2021-12-13,1
20211130,04001,Apache County,AZ,0.00,100.00,91.02,58.27,11.00,0.00,2021-11-30,2021-12-06,1
20211123,04001,Apache County,AZ,0.00,100.00,91.02,58.27,11.00,0.00,2021-11-23,2021-11-29,1
20211116,04001,Apache County,AZ,0.00,100.00,91.02,58.27,11.00,0.00,2021-11-16,2021-11-22,1
20211109,04001,Apache County,AZ,0.00,100.00,91.02,58.27,11.00,0.00,2021-11-09,2021-11-15,1
20211102,04001,Apache County,AZ,0.00,100.00,91.02,58.27,11.00,0.00,2021-11-02,2021-11-08,1
20211026,04001,Apache County,AZ,0.00,100.00,91.03,58.27,11.00,0.00,2021-10-26,2021-11-01,1
20211019,04001,Apache County,AZ,0.00,100.00,91.14,58.27,11.36,0.00,2021-10-19,2021-10-25,1
20211012,04001,Apache County,AZ,0.00,100.00,91.14,58.86,11.36,0.00,2021-10-12,2021-10-18,1
20211005,04001,Apache County,AZ,0.00,100.00,95.08,83.34,37.68,0.00,2021-10-05,2021-10-11,1
20210928,04001,Apache County,AZ,0.00,100.00,95.16,83.34,37.75,0.00,2021-09-28,2021-10-04,1
20210921,04001,Apache County,AZ,0.00,100.00,95.20,83.34,37.75,0.00,2021-09-21,2021-09-27,1
20210914,04001,Apache County,AZ,0.00,100.00,95.20,83.34,37.75,0.00,2021-09-14,2021-09-20,1
20210907,04001,Apache County,AZ,0.00,100.00,95.20,83.34,37.75,0.00,2021-09-07,2021-09-13,1
20210831,04001,Apache County,AZ,0.00,100.00,100.00,87.40,37.75,0.00,2021-08-31,2021-09-06,1
20210824,04001,Apache County,AZ,0.00,100.00,100.00,87.46,37.75,0.00,2021-08-24,2021-08-30,1
20210817,04001,Apache County,AZ,0.00,100.00,100.00,87.66,40.20,0.18,2021-08-17,2021-08-23,1
20210810,04001,Apache County,AZ,0.00,100.00,100.00,92.72,40.20,0.18,2021-08-10,2021-08-16,1
20210803,04001,Apache County,AZ,0.00,100.00,100.00,92.72,40.20,0.18,2021-08-03,2021-08-09,1
20210727,04001,Apache County,AZ,0.00,100.00,100.00,100.00,68.34,0.18,2021-07-27,2021-08-02,1
20210720,04001,Apache County,AZ,0.00,100.00,100.00,100.00,97.01,41.07,2021-07-20,2021-07-26,1
20210713,04001,Apache County,AZ,0.00,100.00,100.00,100.00,97.01,48.52,2021-07-13,2021-07-19,1
20210706,04001,Apache County,AZ,0.00,100.00,100.00,100.00,97.03,48.52,2021-07-06,2021-07-12,1
20210629,04001,Apache County,AZ,0.00,100.00,100.00,100.00,97.03,48.52,2021-06-29,2021-07-05,1
20210622,04001,Apache County,AZ,0.00,100.00,100.00,100.00,97.03,48.52,2021-06-22,2021-06-28,1
20210615,04001,Apache County,AZ,0.00,100.00,100.00,100.00,97.03,48.52,2021-06-15,2021-06-21,1
20210608,04001,Apache County,AZ,0.00,100.00,100.00,100.00,97.03,48.52,2021-06-08,2021-06-14,1
20210601,04001,Apache County,AZ,0.00,100.00,100.00,100.00,97.03,48.52,2021-06-01,2021-06-07,1
20210525,04001,Apache County,AZ,0.00,100.00,100.00,100.00,97.03,48.52,2021-05-25,2021-05-31,1
20210518,04001,Apache County,AZ,0.00,100.00,100.00,100.00,96.83,48.52,2021-05-18,2021-05-24,1
20210511,04001,Apache County,AZ,0.00,100.00,100.00,100.00,96.83,48.52,2021-05-11,2021-05-17,1
20210504,04001,Apache County,AZ,0.00,100.00,100.00,100.00,96.83,48.52,2021-05-04,2021-05-10,1
20210427,04001,Apache County,AZ,0.00,100.00,100.00,100.00,96.83,48.52,2021-04-27,2021-05-03,1
20210420,04001,Apache County,AZ,0.00,100.00,100.00,100.00,96.83,48.52,2021-04-20,2021-04-26,1
20210413,04001,Apache County,AZ,0.00,100.00,100.00,100.00,96.83,48.52,2021-04-13,2021-04-19,1
20210406,04001,Apache County,AZ,0.00,100.00,100.00,100.00,96.83,48.52,2021-04-06,2021-04-12,1
20210330,04001,Apache County,AZ,0.00,100.00,100.00,100.00,96.83,48.52,2021-03-30,2021-04-05,1
20210323,04001,Apache County,AZ,0.00,100.00,100.00,100.00,96.83,48.52,2021-03-23,2021-03-29,1
20210316,04001,Apache County,AZ,0.00,100.00,100.00,100.00,96.83,48.52,2021-03-16,2021-03-22,1
20210309,04001,Apache County,AZ,0.00,100.00,100.00,100.00,96.83,48.52,2021-03-09,2021-03-15,1
20210302,04001,Apache County,AZ,0.00,100.00,100.00,100.00,96.83,48.52,2021-03-02,2021-03-08,1
20210223,04001,Apache County,AZ,0.00,100.00,100.00,100.00,96.83,48.52,2021-02-23,2021-03-01,1
20210216,04001,Apache County,AZ,0.00,100.00,100.00,100.00,96.98,48.52,2021-02-16,2021-02-22,1
20210209,04001,Apache County,AZ,0.00,100.00,100.00,100.00,98.52,48.77,2021-02-09,2021-02-15,1
20210202,04001,Apache County,AZ,0.00,100.00,100.00,100.00,98.52,48.77,2021-02-02,2021-02-08,1
20210126,04001,Apache County,AZ,0.00,100.00,100.00,100.00,100.00,64.48,2021-01-26,2021-02-01,1
20210119,04001,Apache County,AZ,0.00,100.00,100.00,100.00,100.00,73.34,2021-01-19,2021-01-25,1
20210112,04001,Apache County,AZ,0.00,100.00,100.00,100.00,100.00,73.34,2021-01-12,2021-01-18,1
20210105,04001,Apache County,AZ,0.00,100.00,100.00,100.00,100.00,73.34,2021-01-05,2021-01-11,1
20201229,04001,Apache County,AZ,0.00,100.00,100.00,100.00,100.00,73.34,2020-12-29,2021-01-04,1
20201222,04001,Apache County,AZ,0.00,100.00,100.00,100.00,100.00,73.34,2020-12-22,2020-12-28,1
20201215,04001,Apache County,AZ,0.00,100.00,100.00,100.00,100.00,73.34,2020-12-15,2020-12-21,1
20201208,04001,Apache County,AZ,0.00,100.00,100.00,100.00,100.00,100.00,2020-12-08,2020-12-14,1
20201201,04001,Apache County,AZ,0.00,100.00,100.00,100.00,100.00,100.00,2020-12-01,2020-12-07,1
20201124,04001,Apache County,AZ,0.00,100.00,100.00,100.00,100.00,55.10,2020-11-24,2020-11-30,1
20201117,04001,Apache County,AZ,0.00,100.00,100.00,100.00,100.00,42.40,2020-11-17,2020-11-23,1
20201110,04001,Apache County,AZ,0.00,100.00,100.00,100.00,100.00,0.00,2020-11-10,2020-11-16,1
20201103,04001,Apache County,AZ,0.00,100.00,100.00,100.00,100.00,0.00,2020-11-03,2020-11-09,1
20201027,04001,Apache County,AZ,0.00,100.00,100.00,100.00,100.00,0.00,2020-10-27,2020-11-02,1
20201020,04001,Apache County,AZ,0.00,100.00,100.00,100.00,100.00,0.00,2020-10-20,2020-10-26,1
20201013,04001,Apache County,AZ,0.00,100.00,100.00,100.00,50.83,0.00,2020-10-13,2020-10-19,1
20201006,04001,Apache County,AZ,0.00,100.00,100.00,100.00,50.83,0.00,2020-10-06,2020-10-12,1
20200929,04001,Apache County,AZ,0.00,100.00,100.00,100.00,48.10,0.00,2020-09-29,2020-10-05,1
20200922,04001,Apache County,AZ,0.00,100.00,100.00,77.79,43.56,0.00,2020-09-22,2020-09-28,1
20200915,04001,Apache County,AZ,0.00,100.00,100.00,77.79,43.56,0.00,2020-09-15,2020-09-21,1
20200908,04001,Apache County,AZ,0.00,100.00,100.00,77.79,43.56,0.00,2020-09-08,2020-09-14,1
20200901,04001,Apache County,AZ,0.00,100.00,100.00,77.79,39.77,0.00,2020-09-01,2020-09-07,1
20200825,04001,Apache County,AZ,0.00,100.00,100.00,77.87,39.77,0.00,2020-08-25,2020-08-31,1
20200818,04001,Apache County,AZ,0.00,100.00,86.83,42.08,0.00,0.00,2020-08-18,2020-08-24,1
20200811,04001,Apache County,AZ,0.00,100.00,86.83,8.59,0.00,0.00,2020-08-11,2020-08-17,1
20200804,04001,Apache County,AZ,0.00,100.00,86.93,8.59,0.00,0.00,2020-08-04,2020-08-10,1
20200728,04001,Apache County,AZ,0.00,100.00,70.00,0.25,0.00,0.00,2020-07-28,2020-08-03,1
20200721,04001,Apache County,AZ,0.00,100.00,57.85,0.25,0.00,0.00,2020-07-21,2020-07-27,1
20200714,04001,Apache County,AZ,10.12,89.88,32.67,0.25,0.00,0.00,2020-07-14,2020-07-20,1
20200707,04001,Apache County,AZ,21.78,78.22,32.67,0.25,0.00,0.00,2020-07-07,2020-07-13,1
20200630,04001,Apache County,AZ,37.69,62.31,32.67,0.25,0.00,0.00,2020-06-30,2020-07-06,1
20200623,04001,Apache County,AZ,37.69,62.31,32.67,0.25,0.00,0.00,2020-06-23,2020-06-29,1
20200616,04001,Apache County,AZ,37.69,62.31,32.67,0.25,0.00,0.00,2020-06-16,2020-06-22,1
20200609,04001,Apache County,AZ,37.69,62.31,32.67,0.25,0.00,0.00,2020-06-09,2020-06-15,1
20200602,04001,Apache County,AZ,38.37,61.63,31.68,0.25,0.00,0.00,2020-06-02,2020-06-08,1
20200526,04001,Apache County,AZ,38.37,61.63,31.68,0.25,0.00,0.00,2020-05-26,2020-06-01,1
20200519,04001,Apache County,AZ,38.37,61.63,31.68,0.25,0.00,0.00,2020-05-19,2020-05-25,1
20200512,04001,Apache County,AZ,38.37,61.63,31.68,0.25,0.00,0.00,2020-05-12,2020-05-18,1
20200505,04001,Apache County,AZ,38.37,61.63,31.68,0.55,0.00,0.00,2020-05-05,2020-05-11,1
20200428,04001,Apache County,AZ,38.37,61.63,31.68,0.55,0.00,0.00,2020-04-28,2020-05-04,1
20200421,04001,Apache County,AZ,38.37,61.63,31.68,0.55,0.00,0.00,2020-04-21,2020-04-27,1
20200414,04001,Apache County,AZ,38.37,61.63,31.68,0.57,0.00,0.00,2020-04-14,2020-04-20,1
20200407,04001,Apache County,AZ,29.72,70.28,61.80,30.93,0.00,0.00,2020-04-07,2020-04-13,1
20200331,04001,Apache County,AZ,29.72,70.28,61.80,30.93,0.00,0.00,2020-03-31,2020-04-06,1
20200324,04001,Apache County,AZ,29.26,70.74,62.41,30.93,0.00,0.00,2020-03-24,2020-03-30,1
20200317,04001,Apache County,AZ,29.26,70.74,62.41,31.11,0.00,0.00,2020-03-17,2020-03-23,1
20200310,04001,Apache County,AZ,29.26,70.74,62.41,31.11,0.00,0.00,2020-03-10,2020-03-16,1
20200303,04001,Apache County,AZ,29.26,70.74,62.41,31.11,0.00,0.00,2020-03-03,2020-03-09,1
20200225,04001,Apache County,AZ,29.26,70.74,62.41,31.11,0.00,0.00,2020-02-25,2020-03-02,1
20200218,04001,Apache County,AZ,12.59,87.41,64.12,37.54,0.00,0.00,2020-02-18,2020-02-24,1
20200211,04001,Apache County,AZ,9.87,90.13,69.97,37.54,0.00,0.00,2020-02-11,2020-02-17,1
20200204,04001,Apache County,AZ,9.87,90.13,69.97,37.54,0.00,0.00,2020-02-04,2020-02-10,1
20200128,04001,Apache County,AZ,9.87,90.13,69.97,37.54,0.00,0.00,2020-01-28,2020-02-03,1
20200121,04001,Apache County,AZ,9.87,90.13,69.97,37.54,0.00,0.00,2020-01-21,2020-01-27,1
20200114,04001,Apache County,AZ,9.87,90.13,69.97,37.54,0.00,0.00,2020-01-14,2020-01-20,1
20200107,04001,Apache County,AZ,9.87,90.13,69.97,37.54,0.00,0.00,2020-01-07,2020-01-13,1
20191231,04001,Apache County,AZ,9.87,90.13,69.97,57.42,0.00,0.00,2019-12-31,2020-01-06,1
20191224,04001,Apache County,AZ,4.76,95.24,73.53,59.49,0.00,0.00,2019-12-24,2019-12-30,1
20191217,04001,Apache County,AZ,4.76,95.24,73.53,59.49,0.00,0.00,2019-12-17,2019-12-23,1
20191210,04001,Apache County,AZ,4.76,95.24,73.53,59.49,0.00,0.00,2019-12-10,2019-12-16,1
20191203,04001,Apache County,AZ,0.00,100.00,91.57,67.82,0.00,0.00,2019-12-03,2019-12-09,1
20191126,04001,Apache County,AZ,0.00,100.00,100.00,77.37,0.00,0.00,2019-11-26,2019-12-02,1
20191119,04001,Apache County,AZ,0.00,100.00,100.00,86.42,0.00,0.00,2019-11-19,2019-11-25,1
20191112,04001,Apache County,AZ,0.00,100.00,100.00,86.42,0.00,0.00,2019-11-12,2019-11-18,1
20191105,04001,Apache County,AZ,0.00,100.00,100.00,86.35,0.00,0.00,2019-11-05,2019-11-11,1
20191029,04001,Apache County,AZ,0.00,100.00,100.00,86.35,0.00,0.00,2019-10-29,2019-11-04,1
20191022,04001,Apache County,AZ,0.00,100.00,100.00,86.35,0.00,0.00,2019-10-22,2019-10-28,1
20191015,04001,Apache County,AZ,0.00,100.00,100.00,67.75,0.00,0.00,2019-10-15,2019-10-21,1
20191008,04001,Apache County,AZ,0.00,100.00,100.00,67.75,0.00,0.00,2019-10-08,2019-10-14,1
20191001,04001,Apache County,AZ,0.00,100.00,100.00,39.61,0.00,0.00,2019-10-01,2019-10-07,1
20190924,04001,Apache County,AZ,0.00,100.00,100.00,39.61,0.00,0.00,2019-09-24,2019-09-30,1
20190917,04001,Apache County,AZ,0.00,100.00,100.00,39.61,0.00,0.00,2019-09-17,2019-09-23,1
20190910,04001,Apache County,AZ,0.00,100.00,100.00,38.92,0.00,0.00,2019-09-10,2019-09-16,1
20190903,04001,Apache County,AZ,0.00,100.00,59.76,0.00,0.00,0.00,2019-09-03,2019-09-09,1
20190827,04001,Apache County,AZ,1.03,98.97,51.98,0.00,0.00,0.00,2019-08-27,2019-09-02,1
20190820,04001,Apache County,AZ,1.03,98.97,0.00,0.00,0.00,0.00,2019-08-20,2019-08-26,1
20190813,04001,Apache County,AZ,1.03,98.97,0.00,0.00,0.00,0.00,2019-08-13,2019-08-19,1
20190806,04001,Apache County,AZ,54.85,45.15,0.00,0.00,0.00,0.00,2019-08-06,2019-08-12,1
20190730,04001,Apache County,AZ,54.85,45.15,0.00,0.00,0.00,0.00,2019-07-30,2019-08-05,1
20190723,04001,Apache County,AZ,54.85,45.15,0.00,0.00,0.00,0.00,2019-07-23,2019-07-29,1
20190716,04001,Apache County,AZ,54.98,45.02,0.00,0.00,0.00,0.00,2019-07-16,2019-07-22,1
20190709,04001,Apache County,AZ,54.98,45.02,0.00,0.00,0.00,0.00,2019-07-09,2019-07-15,1
20190702,04001,Apache County,AZ,54.98,45.02,0.00,0.00,0.00,0.00,2019-07-02,2019-07-08,1
20190625,04001,Apache County,AZ,54.98,45.02,0.00,0.00,0.00,0.00,2019-06-25,2019-07-01,1
20190618,04001,Apache County,AZ,54.98,45.02,0.00,0.00,0.00,0.00,2019-06-18,2019-06-24,1
20190611,04001,Apache County,AZ,54.98,45.02,0.00,0.00,0.00,0.00,2019-06-11,2019-06-17,1
20190604,04001,Apache County,AZ,24.27,75.73,42.48,0.00,0.00,0.00,2019-06-04,2019-06-10,1
20190528,04001,Apache County,AZ,24.27,75.73,42.48,0.00,0.00,0.00,2019-05-28,2019-06-03,1
20190521,04001,Apache County,AZ,24.25,75.75,42.48,0.00,0.00,0.00,2019-05-21,2019-05-27,1
20190514,04001,Apache County,AZ,24.25,75.75,43.51,0.00,0.00,0.00,2019-05-14,2019-05-20,1
20190507,04001,Apache County,AZ,24.25,75.75,43.51,0.00,0.00,0.00,2019-05-07,2019-05-13,1
20190430,04001,Apache County,AZ,24.25,75.75,43.51,0.00,0.00,0.00,2019-04-30,2019-05-06,1
20190423,04001,Apache County,AZ,24.25,75.75,43.51,0.00,0.00,0.00,2019-04-23,2019-04-29,1
20190416,04001,Apache County,AZ,22.83,77.17,43.51,0.00,0.00,0.00,2019-04-16,2019-04-22,1
20190409,04001,Apache County,AZ,22.83,77.17,43.51,0.00,0.00,0.00,2019-04-09,2019-04-15,1
20190402,04001,Apache County,AZ,22.83,77.17,43.51,0.00,0.00,0.00,2019-04-02,2019-04-08,1
20190326,04001,Apache County,AZ,22.83,77.17,43.51,0.00,0.00,0.00,2019-03-26,2019-04-01,1
20190319,04001,Apache County,AZ,22.83,77.17,49.89,2.10,0.00,0.00,2019-03-19,2019-03-25,1
20190312,04001,Apache County,AZ,3.99,96.01,75.16,47.43,0.00,0.00,2019-03-12,2019-03-18,1
20190305,04001,Apache County,AZ,0.00,100.00,90.96,49.90,0.00,0.00,2019-03-05,2019-03-11,1
20190226,04001,Apache County,AZ,0.00,100.00,90.93,49.90,0.00,0.00,2019-02-26,2019-03-04,1
20190219,04001,Apache County,AZ,0.00,100.00,100.00,88.01,33.97,0.00,2019-02-19,2019-02-25,1
20190212,04001,Apache County,AZ,0.00,100.00,100.00,88.01,33.97,0.00,2019-02-12,2019-02-18,1
20190205,04001,Apache County,AZ,0.00,100.00,100.00,88.01,33.97,0.00,2019-02-05,2019-02-11,1
20190129,04001,Apache County,AZ,0.00,100.00,100.00,87.30,33.56,0.00,2019-01-29,2019-02-04,1
20190122,04001,Apache County,AZ,0.00,100.00,100.00,87.30,33.56,0.00,2019-01-22,2019-01-28,1
20190115,04001,Apache County,AZ,0.00,100.00,100.00,90.24,59.85,33.53,2019-01-15,2019-01-21,1
20190108,04001,Apache County,AZ,0.00,100.00,100.00,90.24,59.85,33.53,2019-01-08,2019-01-14,1
20190101,04001,Apache County,AZ,0.00,100.00,100.00,100.00,59.85,33.53,2019-01-01,2019-01-07,1
20181225,04001,Apache County,AZ,0.00,100.00,100.00,100.00,59.85,33.53,2018-12-25,2018-12-31,1
20181218,04001,Apache County,AZ,0.00,100.00,100.00,100.00,59.85,33.53,2018-12-18,2018-12-24,1
20181211,04001,Apache County,AZ,0.00,100.00,100.00,100.00,59.85,33.53,2018-12-11,2018-12-17,1
20181204,04001,Apache County,AZ,0.00,100.00,100.00,100.00,59.85,33.53,2018-12-04,2018-12-10,1
20181127,04001,Apache County,AZ,0.00,100.00,100.00,100.00,59.85,42.51,2018-11-27,2018-12-03,1
20181120,04001,Apache County,AZ,0.00,100.00,100.00,100.00,59.85,42.51,2018-11-20,2018-11-26,1
20181113,04001,Apache County,AZ,0.00,100.00,100.00,100.00,59.85,42.51,2018-11-13,2018-11-19,1
20181106,04001,Apache County,AZ,0.00,100.00,100.00,100.00,59.85,42.42,2018-11-06,2018-11-12,1
20181030,04001,Apache County,AZ,0.00,100.00,100.00,100.00,59.85,42.42,2018-10-30,2018-11-05,1
20181023,04001,Apache County,AZ,0.00,100.00,100.00,100.00,59.85,42.42,2018-10-23,2018-10-29,1
20181016,04001,Apache County,AZ,0.00,100.00,100.00,100.00,59.85,42.42,2018-10-16,2018-10-22,1
20181009,04001,Apache County,AZ,0.00,100.00,100.00,100.00,75.66,50.22,2018-10-09,2018-10-15,1
20181002,04001,Apache County,AZ,0.00,100.00,100.00,100.00,76.51,51.37,2018-10-02,2018-10-08,1
20180925,04001,Apache County,AZ,0.00,100.00,100.00,100.00,76.51,51.37,2018-09-25,2018-10-01,1
20180918,04001,Apache County,AZ,0.00,100.00,100.00,100.00,76.51,51.37,2018-09-18,2018-09-24,1
20180911,04001,Apache County,AZ,0.00,100.00,100.00,100.00,76.51,51.37,2018-09-11,2018-09-17,1
20180904,04001,Apache County,AZ,0.00,100.00,100.00,100.00,77.44,51.37,2018-09-04,2018-09-10,1
20180828,04001,Apache County,AZ,0.00,100.00,100.00,100.00,77.44,51.37,2018-08-28,2018-09-03,1
20180821,04001,Apache County,AZ,0.00,100.00,100.00,100.00,77.44,51.37,2018-08-21,2018-08-27,1
20180814,04001,Apache County,AZ,0.00,100.00,100.00,100.00,77.44,51.37,2018-08-14,2018-08-20,1
20180807,04001,Apache County,AZ,0.00,100.00,100.00,100.00,77.44,51.37,2018-08-07,2018-08-13,1
20180731,04001,Apache County,AZ,0.00,100.00,100.00,100.00,77.18,51.37,2018-07-31,2018-08-06,1
20180724,04001,Apache County,AZ,0.00,100.00,100.00,100.00,77.18,51.37,2018-07-24,2018-07-30,1
20180717,04001,Apache County,AZ,0.00,100.00,100.00,100.00,99.99,54.97,2018-07-17,2018-07-23,1
20180710,04001,Apache County,AZ,0.00,100.00,100.00,100.00,100.00,54.97,2018-07-10,2018-07-16,1
20180703,04001,Apache County,AZ,0.00,100.00,100.00,100.00,100.00,54.97,2018-07-03,2018-07-09,1
20180626,04001,Apache County,AZ,0.00,100.00,100.00,100.00,100.00,54.97,2018-06-26,2018-07-02,1
20180619,04001,Apache County,AZ,0.00,100.00,100.00,100.00,100.00,54.97,2018-06-19,2018-06-25,1
20180612,04001,Apache County,AZ,0.00,100.00,100.00,100.00,100.00,54.97,2018-06-12,2018-06-18,1
20180605,04001,Apache County,AZ,0.00,100.00,100.00,100.00,100.00,54.97,2018-06-05,2018-06-11,1
20180529,04001,Apache County,AZ,0.00,100.00,100.00,100.00,100.00,54.97,2018-05-29,2018-06-04,1
20180522,04001,Apache County,AZ,0.00,100.00,100.00,100.00,100.00,54.97,2018-05-22,2018-05-28,1
20180515,04001,Apache County,AZ,0.00,100.00,100.00,100.00,100.00,54.97,2018-05-15,2018-05-21,1
20180508,04001,Apache County,AZ,0.00,100.00,100.00,100.00,100.00,47.87,2018-05-08,2018-05-14,1
20180501,04001,Apache County,AZ,0.00,100.00,100.00,100.00,100.00,47.86,2018-05-01,2018-05-07,1
20180424,04001,Apache County,AZ,0.00,100.00,100.00,100.00,100.00,47.87,2018-04-24,2018-04-30,1
20180417,04001,Apache County,AZ,0.00,100.00,100.00,100.00,100.00,6.03,2018-04-17,2018-04-23,1
20180410,04001,Apache County,AZ,0.00,100.00,100.00,100.00,100.00,2.68,2018-04-10,2018-04-16,1
20180403,04001,Apache County,AZ,0.00,100.00,100.00,100.00,100.00,0.00,2018-04-03,2018-04-09,1
20180327,04001,Apache County,AZ,0.00,100.00,100.00,100.00,99.98,0.00,2018-03-27,2018-04-02,1
20180320,04001,Apache County,AZ,0.00,100.00,100.00,100.00,91.85,0.00,2018-03-20,2018-03-26,1
20180313,04001,Apache County,AZ,0.00,100.00,100.00,100.00,91.85,0.00,2018-03-13,2018-03-19,1
20180306,04001,Apache County,AZ,0.00,100.00,100.00,100.00,91.85,0.00,2018-03-06,2018-03-12,1
20180227,04001,Apache County,AZ,0.00,100.00,100.00,100.00,32.04,0.00,2018-02-27,2018-03-05,1
20180220,04001,Apache County,AZ,0.00,100.00,100.00,100.00,32.04,0.00,2018-02-20,2018-02-26,1
20180213,04001,Apache County,AZ,0.00,100.00,100.00,100.00,28.32,0.00,2018-02-13,2018-02-19,1
20180206,04001,Apache County,AZ,0.00,100.00,100.00,100.00,28.32,0.00,2018-02-06,2018-02-12,1
20180130,04001,Apache County,AZ,0.00,100.00,100.00,100.00,28.32,0.00,2018-01-30,2018-02-05,1
20180123,04001,Apache County,AZ,0.00,100.00,100.00,100.00,0.00,0.00,2018-01-23,2018-01-29,1
20180116,04001,Apache County,AZ,0.00,100.00,100.00,96.96,0.00,0.00,2018-01-16,2018-01-22,1
20180109,04001,Apache County,AZ,0.00,100.00,100.00,96.96,0.00,0.00,2018-01-09,2018-01-15,1
20180102,04001,Apache County,AZ,0.00,100.00,100.00,96.23,0.00,0.00,2018-01-02,2018-01-08,1
20171226,04001,Apache County,AZ,0.00,100.00,100.00,0.00,0.00,0.00,2017-12-26,2018-01-01,1
20171219,04001,Apache County,AZ,0.00,100.00,100.00,0.00,0.00,0.00,2017-12-19,2017-12-25,1
20171212,04001,Apache County,AZ,0.00,100.00,100.00,0.00,0.00,0.00,2017-12-12,2017-12-18,1
20171205,04001,Apache County,AZ,0.00,100.00,100.00,0.00,0.00,0.00,2017-12-05,2017-12-11,1
20171128,04001,Apache County,AZ,0.00,100.00,100.00,0.00,0.00,0.00,2017-11-28,2017-12-04,1
20171121,04001,Apache County,AZ,0.00,100.00,60.61,0.00,0.00,0.00,2017-11-21,2017-11-27,1
20171114,04001,Apache County,AZ,0.00,100.00,56.11,0.00,0.00,0.00,2017-11-14,2017-11-20,1
20171107,04001,Apache County,AZ,0.00,100.00,56.11,0.00,0.00,0.00,2017-11-07,2017-11-13,1
20171031,04001,Apache County,AZ,0.00,100.00,56.11,0.00,0.00,0.00,2017-10-31,2017-11-06,1
20171024,04001,Apache County,AZ,8.00,92.00,31.92,0.00,0.00,0.00,2017-10-24,2017-10-30,1
20171017,04001,Apache County,AZ,8.31,91.69,0.00,0.00,0.00,0.00,2017-10-17,2017-10-23,1
20171010,04001,Apache County,AZ,9.31,90.69,0.00,0.00,0.00,0.00,2017-10-10,2017-10-16,1
20171003,04001,Apache County,AZ,4.32,95.68,0.00,0.00,0.00,0.00,2017-10-03,2017-10-09,1
20170926,04001,Apache County,AZ,4.32,95.68,0.00,0.00,0.00,0.00,2017-09-26,2017-10-02,1
20170919,04001,Apache County,AZ,100.00,0.00,0.00,0.00,0.00,0.00,2017-09-19,2017-09-25,1
20170912,04001,Apache County,AZ,100.00,0.00,0.00,0.00,0.00,0.00,2017-09-12,2017-09-18,1
20170905,04001,Apache County,AZ,100.00,0.00,0.00,0.00,0.00,0.00,2017-09-05,2017-09-11,1
20170829,04001,Apache County,AZ,100.00,0.00,0.00,0.00,0.00,0.00,2017-08-29,2017-09-04,1
20170822,04001,Apache County,AZ,100.00,0.00,0.00,0.00,0.00,0.00,2017-08-22,2017-08-28,1
20170815,04001,Apache County,AZ,100.00,0.00,0.00,0.00,0.00,0.00,2017-08-15,2017-08-21,1
20170808,04001,Apache County,AZ,100.00,0.00,0.00,0.00,0.00,0.00,2017-08-08,2017-08-14,1
20170801,04001,Apache County,AZ,59.14,40.86,0.00,0.00,0.00,0.00,2017-08-01,2017-08-07,1
20170725,04001,Apache County,AZ,0.07,99.93,0.00,0.00,0.00,0.00,2017-07-25,2017-07-31,1
20170718,04001,Apache County,AZ,0.00,100.00,0.00,0.00,0.00,0.00,2017-07-18,2017-07-24,1
20170711,04001,Apache County,AZ,59.48,40.52,0.00,0.00,0.00,0.00,2017-07-11,2017-07-17,1
20170704,04001,Apache County,AZ,59.48,40.52,0.00,0.00,0.00,0.00,2017-07-04,2017-07-10,1
20170627,04001,Apache County,AZ,68.65,31.35,0.00,0.00,0.00,0.00,2017-06-27,2017-07-03,1
20170620,04001,Apache County,AZ,68.65,31.35,0.00,0.00,0.00,0.00,2017-06-20,2017-06-26,1
20170613,04001,Apache County,AZ,68.65,31.35,0.00,0.00,0.00,0.00,2017-06-13,2017-06-19,1
20170606,04001,Apache County,AZ,68.65,31.35,0.00,0.00,0.00,0.00,2017-06-06,2017-06-12,1
20170530,04001,Apache County,AZ,68.65,31.35,0.00,0.00,0.00,0.00,2017-05-30,2017-06-05,1
20170523,04001,Apache County,AZ,68.65,31.35,0.00,0.00,0.00,0.00,2017-05-23,2017-05-29,1
20170516,04001,Apache County,AZ,68.70,31.30,0.00,0.00,0.00,0.00,2017-05-16,2017-05-22,1
20170509,04001,Apache County,AZ,68.72,31.28,0.00,0.00,0.00,0.00,2017-05-09,2017-05-15,1
20170502,04001,Apache County,AZ,72.01,27.99,0.00,0.00,0.00,0.00,2017-05-02,2017-05-08,1
20170425,04001,Apache County,AZ,72.08,27.92,0.00,0.00,0.00,0.00,2017-04-25,2017-05-01,1
20170418,04001,Apache County,AZ,72.08,27.92,0.00,0.00,0.00,0.00,2017-04-18,2017-04-24,1
20170411,04001,Apache County,AZ,75.20,24.80,0.00,0.00,0.00,0.00,2017-04-11,2017-04-17,1
20170404,04001,Apache County,AZ,75.20,24.80,0.00,0.00,0.00,0.00,2017-04-04,2017-04-10,1
20170328,04001,Apache County,AZ,75.20,24.80,0.00,0.00,0.00,0.00,2017-03-28,2017-04-03,1
20170321,04001,Apache County,AZ,75.20,24.80,0.00,0.00,0.00,0.00,2017-03-21,2017-03-27,1
20170314,04001,Apache County,AZ,75.20,24.80,0.00,0.00,0.00,0.00,2017-03-14,2017-03-20,1
20170307,04001,Apache County,AZ,75.20,24.80,0.00,0.00,0.00,0.00,2017-03-07,2017-03-13,1
20170228,04001,Apache County,AZ,25.64,74.36,10.31,0.00,0.00,0.00,2017-02-28,2017-03-06,1
20170221,04001,Apache County,AZ,25.64,74.36,10.31,0.00,0.00,0.00,2017-02-21,2017-02-27,1
20170214,04001,Apache County,AZ,25.64,74.36,0.00,0.00,0.00,0.00,2017-02-14,2017-02-20,1
20170207,04001,Apache County,AZ,25.64,74.36,0.00,0.00,0.00,0.00,2017-02-07,2017-02-13,1
20170131,04001,Apache County,AZ,25.64,74.36,0.00,0.00,0.00,0.00,2017-01-31,2017-02-06,1
20170124,04001,Apache County,AZ,21.01,78.99,43.86,0.00,0.00,0.00,2017-01-24,2017-01-30,1
20170117,04001,Apache County,AZ,12.95,87.05,57.51,0.00,0.00,0.00,2017-01-17,2017-01-23,1
20170110,04001,Apache County,AZ,12.95,87.05,57.51,0.00,0.00,0.00,2017-01-10,2017-01-16,1
20170103,04001,Apache County,AZ,12.95,87.05,57.51,0.00,0.00,0.00,2017-01-03,2017-01-09,1
20161227,04001,Apache County,AZ,0.18,99.82,57.51,0.00,0.00,0.00,2016-12-27,2017-01-02,1
20161220,04001,Apache County,AZ,0.00,100.00,90.73,0.00,0.00,0.00,2016-12-20,2016-12-26,1
20161213,04001,Apache County,AZ,0.00,100.00,90.73,0.00,0.00,0.00,2016-12-13,2016-12-19,1
20161206,04001,Apache County,AZ,0.00,100.00,90.73,0.00,0.00,0.00,2016-12-06,2016-12-12,1
20161129,04001,Apache County,AZ,0.00,100.00,90.73,0.00,0.00,0.00,2016-11-29,2016-12-05,1
20161122,04001,Apache County,AZ,0.00,100.00,90.73,0.00,0.00,0.00,2016-11-22,2016-11-28,1
20161115,04001,Apache County,AZ,0.00,100.00,90.73,0.00,0.00,0.00,2016-11-15,2016-11-21,1
20161108,04001,Apache County,AZ,0.00,100.00,90.73,0.00,0.00,0.00,2016-11-08,2016-11-14,1
20161101,04001,Apache County,AZ,0.00,100.00,90.73,0.00,0.00,0.00,2016-11-01,2016-11-07,1
20161025,04001,Apache County,AZ,0.00,100.00,90.73,0.00,0.00,0.00,2016-10-25,2016-10-31,1
20161018,04001,Apache County,AZ,0.00,100.00,90.73,0.00,0.00,0.00,2016-10-18,2016-10-24,1
20161011,04001,Apache County,AZ,0.00,100.00,90.73,0.00,0.00,0.00,2016-10-11,2016-10-17,1
20161004,04001,Apache County,AZ,0.00,100.00,90.73,0.00,0.00,0.00,2016-10-04,2016-10-10,1
20160927,04001,Apache County,AZ,0.00,100.00,90.73,0.00,0.00,0.00,2016-09-27,2016-10-03,1
20160920,04001,Apache County,AZ,0.00,100.00,90.73,0.00,0.00,0.00,2016-09-20,2016-09-26,1
20160913,04001,Apache County,AZ,0.00,100.00,90.73,0.00,0.00,0.00,2016-09-13,2016-09-19,1
20160906,04001,Apache County,AZ,0.00,100.00,91.59,0.00,0.00,0.00,2016-09-06,2016-09-12,1
20160830,04001,Apache County,AZ,0.00,100.00,91.59,0.00,0.00,0.00,2016-08-30,2016-09-05,1
20160823,04001,Apache County,AZ,0.00,100.00,96.37,0.00,0.00,0.00,2016-08-23,2016-08-29,1
20160816,04001,Apache County,AZ,0.00,100.00,96.37,0.00,0.00,0.00,2016-08-16,2016-08-22,1
20160809,04001,Apache County,AZ,0.00,100.00,96.37,0.00,0.00,0.00,2016-08-09,2016-08-15,1
20160802,04001,Apache County,AZ,0.00,100.00,96.37,0.00,0.00,0.00,2016-08-02,2016-08-08,1
20160726,04001,Apache County,AZ,0.00,100.00,96.37,0.00,0.00,0.00,2016-07-26,2016-08-01,1
20160719,04001,Apache County,AZ,0.00,100.00,45.81,0.00,0.00,0.00,2016-07-19,2016-07-25,1
20160712,04001,Apache County,AZ,0.00,100.00,45.81,0.00,0.00,0.00,2016-07-12,2016-07-18,1
20160705,04001,Apache County,AZ,0.00,100.00,45.81,0.00,0.00,0.00,2016-07-05,2016-07-11,1
20160628,04001,Apache County,AZ,0.00,100.00,45.81,0.00,0.00,0.00,2016-06-28,2016-07-04,1
20160621,04001,Apache County,AZ,0.00,100.00,45.81,0.00,0.00,0.00,2016-06-21,2016-06-27,1
20160614,04001,Apache County,AZ,0.00,100.00,45.81,0.00,0.00,0.00,2016-06-14,2016-06-20,1
20160607,04001,Apache County,AZ,0.00,100.00,45.81,0.00,0.00,0.00,2016-06-07,2016-06-13,1
20160531,04001,Apache County,AZ,0.00,100.00,45.81,0.00,0.00,0.00,2016-05-31,2016-06-06,1
20160524,04001,Apache County,AZ,0.00,100.00,45.81,0.00,0.00,0.00,2016-05-24,2016-05-30,1
20160517,04001,Apache County,AZ,0.00,100.00,51.43,0.00,0.00,0.00,2016-05-17,2016-05-23,1
20160510,04001,Apache County,AZ,0.00,100.00,51.43,0.00,0.00,0.00,2016-05-10,2016-05-16,1
20160503,04001,Apache County,AZ,0.00,100.00,51.43,0.00,0.00,0.00,2016-05-03,2016-05-09,1
20160426,04001,Apache County,AZ,0.00,100.00,51.43,0.00,0.00,0.00,2016-04-26,2016-05-02,1
20160419,04001,Apache County,AZ,0.00,100.00,51.43,0.00,0.00,0.00,2016-04-19,2016-04-25,1
20160412,04001,Apache County,AZ,0.00,100.00,51.43,0.00,0.00,0.00,2016-04-12,2016-04-18,1
20160405,04001,Apache County,AZ,8.98,91.02,51.43,0.00,0.00,0.00,2016-04-05,2016-04-11,1
20160329,04001,Apache County,AZ,8.98,91.02,47.35,0.00,0.00,0.00,2016-03-29,2016-04-04,1
20160322,04001,Apache County,AZ,11.90,88.10,47.35,0.00,0.00,0.00,2016-03-22,2016-03-28,1
20160315,04001,Apache County,AZ,24.46,75.54,18.52,0.00,0.00,0.00,2016-03-15,2016-03-21,1
20160308,04001,Apache County,AZ,24.69,75.31,15.51,0.00,0.00,0.00,2016-03-08,2016-03-14,1
20160301,04001,Apache County,AZ,26.85,73.15,15.51,0.00,0.00,0.00,2016-03-01,2016-03-07,1
20160223,04001,Apache County,AZ,27.23,72.77,15.51,0.00,0.00,0.00,2016-02-23,2016-02-29,1
20160216,04001,Apache County,AZ,40.94,59.06,15.51,0.00,0.00,0.00,2016-02-16,2016-02-22,1
20160209,04001,Apache County,AZ,40.94,59.06,15.51,0.00,0.00,0.00,2016-02-09,2016-02-15,1
20160202,04001,Apache County,AZ,40.94,59.06,15.51,0.00,0.00,0.00,2016-02-02,2016-02-08,1
20160126,04001,Apache County,AZ,40.94,59.06,15.07,0.00,0.00,0.00,2016-01-26,2016-02-01,1
20160119,04001,Apache County,AZ,40.94,59.06,15.07,0.00,0.00,0.00,2016-01-19,2016-01-25,1
20160112,04001,Apache County,AZ,35.66,64.34,15.07,0.00,0.00,0.00,2016-01-12,2016-01-18,1
20160105,04001,Apache County,AZ,0.56,99.44,15.07,0.00,0.00,0.00,2016-01-05,2016-01-11,1
20151229,04001,Apache County,AZ,0.00,100.00,15.07,0.00,0.00,0.00,2015-12-29,2016-01-04,1
20151222,04001,Apache County,AZ,0.00,100.00,15.07,0.00,0.00,0.00,2015-12-22,2015-12-28,1
20151215,04001,Apache County,AZ,0.00,100.00,15.07,0.00,0.00,0.00,2015-12-15,2015-12-21,1
20151208,04001,Apache County,AZ,0.00,100.00,15.07,0.00,0.00,0.00,2015-12-08,2015-12-14,1
20151201,04001,Apache County,AZ,0.00,100.00,15.07,0.00,0.00,0.00,2015-12-01,2015-12-07,1
20151124,04001,Apache County,AZ,0.00,100.00,64.42,0.00,0.00,0.00,2015-11-24,2015-11-30,1
20151117,04001,Apache County,AZ,0.00,100.00,64.42,0.00,0.00,0.00,2015-11-17,2015-11-23,1
20151110,04001,Apache County,AZ,0.00,100.00,64.42,0.00,0.00,0.00,2015-11-10,2015-11-16,1
20151103,04001,Apache County,AZ,0.00,100.00,68.36,0.00,0.00,0.00,2015-11-03,2015-11-09,1
20151027,04001,Apache County,AZ,0.00,100.00,84.56,0.00,0.00,0.00,2015-10-27,2015-11-02,1
20151020,04001,Apache County,AZ,0.00,100.00,84.83,4.86,0.00,0.00,2015-10-20,2015-10-26,1
20151013,04001,Apache County,AZ,0.00,100.00,84.83,4.86,0.00,0.00,2015-10-13,2015-10-19,1
20151006,04001,Apache County,AZ,0.00,100.00,84.83,4.86,0.00,0.00,2015-10-06,2015-10-12,1
20150929,04001,Apache County,AZ,0.00,100.00,84.83,4.86,0.00,0.00,2015-09-29,2015-10-05,1
20150922,04001,Apache County,AZ,0.00,100.00,85.06,5.23,0.00,0.00,2015-09-22,2015-09-28,1
20150915,04001,Apache County,AZ,0.00,100.00,85.06,12.03,0.00,0.00,2015-09-15,2015-09-21,1
20150908,04001,Apache County,AZ,0.00,100.00,85.33,12.03,0.00,0.00,2015-09-08,2015-09-14,1
20150901,04001,Apache County,AZ,0.00,100.00,85.33,12.03,0.00,0.00,2015-09-01,2015-09-07,1
20150825,04001,Apache County,AZ,0.00,100.00,85.33,12.03,0.00,0.00,2015-08-25,2015-08-31,1
20150818,04001,Apache County,AZ,0.00,100.00,85.33,12.03,0.00,0.00,2015-08-18,2015-08-24,1
20150811,04001,Apache County,AZ,0.00,100.00,85.33,12.03,0.00,0.00,2015-08-11,2015-08-17,1
20150804,04001,Apache County,AZ,0.00,100.00,85.33,12.03,0.00,0.00,2015-08-04,2015-08-10,1
20150728,04001,Apache County,AZ,0.00,100.00,85.33,12.03,0.00,0.00,2015-07-28,2015-08-03,1
20150721,04001,Apache County,AZ,0.00,100.00,85.33,12.03,0.00,0.00,2015-07-21,2015-07-27,1
20150714,04001,Apache County,AZ,0.00,100.00,85.33,55.75,0.00,0.00,2015-07-14,2015-07-20,1
20150707,04001,Apache County,AZ,0.00,100.00,85.33,55.75,0.00,0.00,2015-07-07,2015-07-13,1
20150630,04001,Apache County,AZ,0.00,100.00,85.33,55.75,0.00,0.00,2015-06-30,2015-07-06,1
20150623,04001,Apache County,AZ,0.00,100.00,85.33,55.75,0.00,0.00,2015-06-23,2015-06-29,1
20150616,04001,Apache County,AZ,0.00,100.00,92.33,58.21,0.00,0.00,2015-06-16,2015-06-22,1
20150609,04001,Apache County,AZ,0.00,100.00,100.00,81.18,0.00,0.00,2015-06-09,2015-06-15,1
20150602,04001,Apache County,AZ,0.00,100.00,100.00,87.27,0.00,0.00,2015-06-02,2015-06-08,1
20150526,04001,Apache County,AZ,0.00,100.00,100.00,87.27,0.00,0.00,2015-05-26,2015-06-01,1
20150519,04001,Apache County,AZ,0.00,100.00,100.00,89.49,0.00,0.00,2015-05-19,2015-05-25,1
20150512,04001,Apache County,AZ,0.00,100.00,100.00,89.49,0.00,0.00,2015-05-12,2015-05-18,1
20150505,04001,Apache County,AZ,0.00,100.00,100.00,89.49,0.00,0.00,2015-05-05,2015-05-11,1
20150428,04001,Apache County,AZ,0.00,100.00,100.00,89.56,0.00,0.00,2015-04-28,2015-05-04,1
20150421,04001,Apache County,AZ,0.00,100.00,100.00,89.56,0.00,0.00,2015-04-21,2015-04-27,1
20150414,04001,Apache County,AZ,0.00,100.00,100.00,89.56,0.00,0.00,2015-04-14,2015-04-20,1
20150407,04001,Apache County,AZ,0.00,100.00,100.00,89.56,0.00,0.00,2015-04-07,2015-04-13,1
20150331,04001,Apache County,AZ,0.00,100.00,100.00,89.56,0.00,0.00,2015-03-31,2015-04-06,1
20150324,04001,Apache County,AZ,0.00,100.00,100.00,89.56,0.00,0.00,2015-03-24,2015-03-30,1
20150317,04001,Apache County,AZ,0.00,100.00,100.00,89.56,0.00,0.00,2015-03-17,2015-03-23,1
20150310,04001,Apache County,AZ,0.00,100.00,100.00,62.28,0.00,0.00,2015-03-10,2015-03-16,1
20150303,04001,Apache County,AZ,0.00,100.00,100.00,58.43,0.00,0.00,2015-03-03,2015-03-09,1
20150224,04001,Apache County,AZ,0.00,100.00,100.00,60.68,18.35,0.00,2015-02-24,2015-03-02,1
20150217,04001,Apache County,AZ,0.00,100.00,100.00,60.68,18.35,0.00,2015-02-17,2015-02-23,1
20150210,04001,Apache County,AZ,0.00,100.00,100.00,60.68,18.35,0.00,2015-02-10,2015-02-16,1
20150203,04001,Apache County,AZ,0.00,100.00,100.00,60.67,18.35,0.00,2015-02-03,2015-02-09,1
20150127,04001,Apache County,AZ,0.00,100.00,100.00,90.30,18.35,0.00,2015-01-27,2015-02-02,1
20150120,04001,Apache County,AZ,0.00,100.00,100.00,90.30,18.35,0.00,2015-01-20,2015-01-26,1
20150113,04001,Apache County,AZ,0.00,100.00,100.00,90.30,18.35,0.00,2015-01-13,2015-01-19,1
20150106,04001,Apache County,AZ,0.00,100.00,100.00,90.30,18.35,0.00,2015-01-06,2015-01-12,1
20141230,04001,Apache County,AZ,0.00,100.00,100.00,90.30,18.35,0.00,2014-12-30,2015-01-05,1
20141223,04001,Apache County,AZ,0.00,100.00,100.00,90.30,18.35,0.00,2014-12-23,2014-12-29,1
20141216,04001,Apache County,AZ,0.00,100.00,100.00,90.30,18.35,0.00,2014-12-16,2014-12-22,1
20141209,04001,Apache County,AZ,0.00,100.00,100.00,90.30,18.35,0.00,2014-12-09,2014-12-15,1
20141202,04001,Apache County,AZ,0.00,100.00,100.00,90.30,18.35,0.00,2014-12-02,2014-12-08,1
20141125,04001,Apache County,AZ,0.00,100.00,100.00,90.30,17.42,0.00,2014-11-25,2014-12-01,1
20141118,04001,Apache County,AZ,0.00,100.00,100.00,90.30,17.42,0.00,2014-11-18,2014-11-24,1
20141111,04001,Apache County,AZ,0.00,100.00,100.00,90.30,17.42,0.00,2014-11-11,2014-11-17,1
20141104,04001,Apache County,AZ,0.00,100.00,100.00,90.30,17.42,0.00,2014-11-04,2014-11-10,1
20141028,04001,Apache County,AZ,0.00,100.00,100.00,90.36,17.42,0.00,2014-10-28,2014-11-03,1
20141021,04001,Apache County,AZ,0.00,100.00,100.00,90.36,17.42,0.00,2014-10-21,2014-10-27,1
20141014,04001,Apache County,AZ,0.00,100.00,100.00,90.36,17.56,0.00,2014-10-14,2014-10-20,1
20141007,04001,Apache County,AZ,0.00,100.00,100.00,90.36,17.56,0.00,2014-10-07,2014-10-13,1
20140930,04001,Apache County,AZ,0.00,100.00,100.00,90.36,17.56,0.00,2014-09-30,2014-10-06,1
20140923,04001,Apache County,AZ,0.00,100.00,100.00,90.36,18.19,0.00,2014-09-23,2014-09-29,1
20140916,04001,Apache County,AZ,0.00,100.00,100.00,90.36,17.67,0.00,2014-09-16,2014-09-22,1
20140909,04001,Apache County,AZ,0.00,100.00,100.00,90.36,17.67,0.00,2014-09-09,2014-09-15,1
20140902,04001,Apache County,AZ,0.00,100.00,100.00,90.36,17.67,0.00,2014-09-02,2014-09-08,1
20140826,04001,Apache County,AZ,0.00,100.00,100.00,90.36,17.67,0.00,2014-08-26,2014-09-01,1
20140819,04001,Apache County,AZ,0.00,100.00,100.00,90.36,17.67,0.00,2014-08-19,2014-08-25,1
20140812,04001,Apache County,AZ,0.00,100.00,100.00,100.00,17.67,0.00,2014-08-12,2014-08-18,1
20140805,04001,Apache County,AZ,0.00,100.00,100.00,100.00,17.67,0.00,2014-08-05,2014-08-11,1
20140729,04001,Apache County,AZ,0.00,100.00,100.00,95.49,24.50,0.00,2014-07-29,2014-08-04,1
20140722,04001,Apache County,AZ,0.00,100.00,100.00,95.49,32.07,0.00,2014-07-22,2014-07-28,1
20140715,04001,Apache County,AZ,0.00,100.00,100.00,95.49,12.18,0.00,2014-07-15,2014-07-21,1
20140708,04001,Apache County,AZ,0.00,100.00,100.00,95.49,16.66,0.00,2014-07-08,2014-07-14,1
20140701,04001,Apache County,AZ,0.00,100.00,100.00,95.49,16.66,0.00,2014-07-01,2014-07-07,1
20140624,04001,Apache County,AZ,0.00,100.00,100.00,95.49,16.91,0.00,2014-06-24,2014-06-30,1
20140617,04001,Apache County,AZ,0.00,100.00,100.00,95.49,16.91,0.00,2014-06-17,2014-06-23,1
20140610,04001,Apache County,AZ,0.00,100.00,100.00,95.23,16.91,0.00,2014-06-10,2014-06-16,1
20140603,04001,Apache County,AZ,0.00,100.00,100.00,95.23,3.01,0.00,2014-06-03,2014-06-09,1
20140527,04001,Apache County,AZ,0.00,100.00,100.00,95.23,3.01,0.00,2014-05-27,2014-06-02,1
20140520,04001,Apache County,AZ,0.00,100.00,100.00,95.23,3.01,0.00,2014-05-20,2014-05-26,1
20140513,04001,Apache County,AZ,0.00,100.00,100.00,95.23,3.01,0.00,2014-05-13,2014-05-19,1
20140506,04001,Apache County,AZ,0.00,100.00,100.00,82.62,3.01,0.00,2014-05-06,2014-05-12,1
20140429,04001,Apache County,AZ,0.00,100.00,100.00,82.43,3.01,0.00,2014-04-29,2014-05-05,1
20140422,04001,Apache County,AZ,0.00,100.00,100.00,82.43,0.00,0.00,2014-04-22,2014-04-28,1
20140415,04001,Apache County,AZ,0.00,100.00,100.00,82.43,0.00,0.00,2014-04-15,2014-04-21,1
20140408,04001,Apache County,AZ,0.00,100.00,100.00,82.43,0.00,0.00,2014-04-08,2014-04-14,1
20140401,04001,Apache County,AZ,0.00,100.00,100.00,82.36,0.00,0.00,2014-04-01,2014-04-07,1
20140325,04001,Apache County,AZ,0.00,100.00,100.00,82.33,0.00,0.00,2014-03-25,2014-03-31,1
20140318,04001,Apache County,AZ,0.00,100.00,100.00,82.33,0.00,0.00,2014-03-18,2014-03-24,1
20140311,04001,Apache County,AZ,0.00,100.00,100.00,82.33,0.00,0.00,2014-03-11,2014-03-17,1
20140304,04001,Apache County,AZ,0.00,100.00,100.00,82.33,0.00,0.00,2014-03-04,2014-03-10,1
20140225,04001,Apache County,AZ,0.00,100.00,100.00,71.12,0.00,0.00,2014-02-25,2014-03-03,1
20140218,04001,Apache County,AZ,0.00,100.00,99.75,71.12,0.00,0.00,2014-02-18,2014-02-24,1
20140211,04001,Apache County,AZ,0.00,100.00,99.75,54.53,0.00,0.00,2014-02-11,2014-02-17,1
20140204,04001,Apache County,AZ,0.00,100.00,98.63,48.74,0.00,0.00,2014-02-04,2014-02-10,1
20140128,04001,Apache County,AZ,0.00,100.00,98.63,48.74,0.00,0.00,2014-01-28,2014-02-03,1
20140121,04001,Apache County,AZ,0.00,100.00,86.52,48.14,0.00,0.00,2014-01-21,2014-01-27,1
20140114,04001,Apache County,AZ,0.00,100.00,86.52,48.14,0.00,0.00,2014-01-14,2014-01-20,1
20140107,04001,Apache County,AZ,0.00,100.00,86.52,48.14,0.00,0.00,2014-01-07,2014-01-13,1
20131231,04001,Apache County,AZ,9.02,90.98,86.32,48.14,0.00,0.00,2013-12-31,2014-01-06,1
20131224,04001,Apache County,AZ,9.02,90.98,86.32,48.14,0.00,0.00,2013-12-24,2013-12-30,1
20131217,04001,Apache County,AZ,9.02,90.98,86.32,63.29,0.00,0.00,2013-12-17,2013-12-23,1
20131210,04001,Apache County,AZ,9.02,90.98,86.32,63.29,0.00,0.00,2013-12-10,2013-12-16,1
20131203,04001,Apache County,AZ,9.02,90.98,86.32,63.29,0.00,0.00,2013-12-03,2013-12-09,1
20131126,04001,Apache County,AZ,9.02,90.98,86.32,63.29,0.00,0.00,2013-11-26,2013-12-02,1
20131119,04001,Apache County,AZ,0.00,100.00,85.95,63.29,0.00,0.00,2013-11-19,2013-11-25,1
20131112,04001,Apache County,AZ,0.00,100.00,85.95,63.29,0.00,0.00,2013-11-12,2013-11-18,1
20131105,04001,Apache County,AZ,0.00,100.00,85.98,63.29,0.00,0.00,2013-11-05,2013-11-11,1
20131029,04001,Apache County,AZ,0.00,100.00,85.98,63.29,0.00,0.00,2013-10-29,2013-11-04,1
20131022,04001,Apache County,AZ,0.00,100.00,85.98,63.29,0.00,0.00,2013-10-22,2013-10-28,1
20131015,04001,Apache County,AZ,0.00,100.00,85.97,63.29,0.00,0.00,2013-10-15,2013-10-21,1
20131008,04001,Apache County,AZ,0.00,100.00,85.84,63.29,0.00,0.00,2013-10-08,2013-10-14,1
20131001,04001,Apache County,AZ,0.00,100.00,85.84,63.29,0.00,0.00,2013-10-01,2013-10-07,1
20130924,04001,Apache County,AZ,0.00,100.00,85.84,63.29,0.00,0.00,2013-09-24,2013-09-30,1
20130917,04001,Apache County,AZ,0.00,100.00,85.84,76.99,14.19,0.00,2013-09-17,2013-09-23,1
20130910,04001,Apache County,AZ,0.00,100.00,89.45,80.35,70.67,14.17,2013-09-10,2013-09-16,1
20130903,04001,Apache County,AZ,0.00,100.00,89.32,80.35,71.01,14.17,2013-09-03,2013-09-09,1
20130827,04001,Apache County,AZ,0.00,100.00,90.79,82.06,71.01,15.31,2013-08-27,2013-09-02,1
20130820,04001,Apache County,AZ,0.00,100.00,90.79,82.06,71.01,15.31,2013-08-20,2013-08-26,1
20130813,04001,Apache County,AZ,0.00,100.00,90.79,82.06,75.88,15.31,2013-08-13,2013-08-19,1
20130806,04001,Apache County,AZ,0.00,100.00,90.79,82.06,75.88,15.31,2013-08-06,2013-08-12,1
20130730,04001,Apache County,AZ,0.00,100.00,97.18,87.62,79.45,15.31,2013-07-30,2013-08-05,1
20130723,04001,Apache County,AZ,0.00,100.00,100.00,87.74,79.45,15.31,2013-07-23,2013-07-29,1
20130716,04001,Apache County,AZ,0.00,100.00,100.00,87.74,79.45,15.31,2013-07-16,2013-07-22,1
20130709,04001,Apache County,AZ,0.00,100.00,100.00,87.74,79.45,15.31,2013-07-09,2013-07-15,1
20130702,04001,Apache County,AZ,0.00,100.00,100.00,89.59,79.45,15.31,2013-07-02,2013-07-08,1
20130625,04001,Apache County,AZ,0.00,100.00,100.00,90.02,79.58,0.00,2013-06-25,2013-07-01,1
20130618,04001,Apache County,AZ,0.00,100.00,100.00,89.52,79.58,0.00,2013-06-18,2013-06-24,1
20130611,04001,Apache County,AZ,0.00,100.00,100.00,89.52,65.74,0.00,2013-06-11,2013-06-17,1
20130604,04001,Apache County,AZ,0.00,100.00,100.00,89.96,65.74,0.00,2013-06-04,2013-06-10,1
20130528,04001,Apache County,AZ,0.00,100.00,100.00,89.96,60.47,0.00,2013-05-28,2013-06-03,1
20130521,04001,Apache County,AZ,0.00,100.00,100.00,89.96,60.47,0.00,2013-05-21,2013-05-27,1
20130514,04001,Apache County,AZ,0.00,100.00,100.00,89.95,60.47,0.00,2013-05-14,2013-05-20,1
20130507,04001,Apache County,AZ,0.00,100.00,100.00,89.95,60.34,0.00,2013-05-07,2013-05-13,1
20130430,04001,Apache County,AZ,0.00,100.00,100.00,89.95,60.34,0.00,2013-04-30,2013-05-06,1
20130423,04001,Apache County,AZ,0.00,100.00,99.70,87.06,45.50,0.00,2013-04-23,2013-04-29,1
20130416,04001,Apache County,AZ,0.00,100.00,99.68,84.15,31.46,0.00,2013-04-16,2013-04-22,1
20130409,04001,Apache County,AZ,0.00,100.00,91.30,83.64,31.46,0.00,2013-04-09,2013-04-15,1
20130402,04001,Apache County,AZ,0.00,100.00,91.30,83.64,9.24,0.00,2013-04-02,2013-04-08,1
20130326,04001,Apache County,AZ,0.00,100.00,91.30,83.64,9.24,0.00,2013-03-26,2013-04-01,1
20130319,04001,Apache County,AZ,0.00,100.00,91.30,83.64,9.24,0.00,2013-03-19,2013-03-25,1
20130312,04001,Apache County,AZ,0.00,100.00,91.30,83.64,9.24,0.00,2013-03-12,2013-03-18,1
20130305,04001,Apache County,AZ,0.00,100.00,96.09,83.64,9.24,0.00,2013-03-05,2013-03-11,1
20130226,04001,Apache County,AZ,0.00,100.00,95.90,83.64,9.24,0.00,2013-02-26,2013-03-04,1
20130219,04001,Apache County,AZ,0.00,100.00,96.00,83.64,9.24,0.00,2013-02-19,2013-02-25,1
20130212,04001,Apache County,AZ,0.00,100.00,99.75,83.64,9.24,0.00,2013-02-12,2013-02-18,1
20130205,04001,Apache County,AZ,0.00,100.00,99.75,84.72,32.05,0.00,2013-02-05,2013-02-11,1
20130129,04001,Apache County,AZ,0.00,100.00,99.75,84.72,32.05,0.00,2013-01-29,2013-02-04,1
20130122,04001,Apache County,AZ,0.00,100.00,100.00,84.72,38.73,0.00,2013-01-22,2013-01-28,1
20130115,04001,Apache County,AZ,0.00,100.00,100.00,84.72,38.73,0.00,2013-01-15,2013-01-21,1
20130108,04001,Apache County,AZ,0.00,100.00,100.00,84.75,38.73,0.00,2013-01-08,2013-01-14,1
20130101,04001,Apache County,AZ,0.00,100.00,100.00,84.75,38.73,0.00,2013-01-01,2013-01-07,1
20121225,04001,Apache County,AZ,0.00,100.00,100.00,84.75,36.90,0.00,2012-12-25,2012-12-31,1
20121218,04001,Apache County,AZ,0.00,100.00,100.00,84.75,36.90,0.00,2012-12-18,2012-12-24,1
20121211,04001,Apache County,AZ,0.00,100.00,100.00,84.75,36.90,0.00,2012-12-11,2012-12-17,1
20121204,04001,Apache County,AZ,0.00,100.00,100.00,84.75,36.90,0.00,2012-12-04,2012-12-10,1
20121127,04001,Apache County,AZ,0.00,100.00,100.00,84.75,33.17,0.00,2012-11-27,2012-12-03,1
20121120,04001,Apache County,AZ,0.00,100.00,100.00,80.38,33.17,0.00,2012-11-20,2012-11-26,1
20121113,04001,Apache County,AZ,0.00,100.00,100.00,80.38,33.17,0.00,2012-11-13,2012-11-19,1
20121106,04001,Apache County,AZ,0.00,100.00,100.00,93.22,33.17,0.00,2012-11-06,2012-11-12,1
20121030,04001,Apache County,AZ,0.00,100.00,100.00,89.20,33.17,0.00,2012-10-30,2012-11-05,1
20121023,04001,Apache County,AZ,0.00,100.00,100.00,89.20,33.17,0.00,2012-10-23,2012-10-29,1
20121016,04001,Apache County,AZ,0.00,100.00,100.00,89.20,33.17,0.00,2012-10-16,2012-10-22,1
20121009,04001,Apache County,AZ,0.00,100.00,100.00,89.40,33.17,0.00,2012-10-09,2012-10-15,1
20121002,04001,Apache County,AZ,0.00,100.00,100.00,89.40,33.17,0.00,2012-10-02,2012-10-08,1
20120925,04001,Apache County,AZ,0.00,100.00,100.00,89.69,33.17,0.00,2012-09-25,2012-10-01,1
20120918,04001,Apache County,AZ,0.00,100.00,100.00,89.69,33.17,0.00,2012-09-18,2012-09-24,1
20120911,04001,Apache County,AZ,0.00,100.00,100.00,89.89,39.00,0.00,2012-09-11,2012-09-17,1
20120904,04001,Apache County,AZ,0.00,100.00,100.00,88.96,39.00,0.00,2012-09-04,2012-09-10,1
20120828,04001,Apache County,AZ,0.00,100.00,100.00,87.29,38.16,0.00,2012-08-28,2012-09-03,1
20120821,04001,Apache County,AZ,0.00,100.00,100.00,100.00,38.40,0.00,2012-08-21,2012-08-27,1
20120814,04001,Apache County,AZ,0.00,100.00,100.00,100.00,59.01,0.00,2012-08-14,2012-08-20,1
20120807,04001,Apache County,AZ,0.00,100.00,100.00,100.00,59.06,0.00,2012-08-07,2012-08-13,1
20120731,04001,Apache County,AZ,0.00,100.00,100.00,100.00,59.53,0.00,2012-07-31,2012-08-06,1
20120724,04001,Apache County,AZ,0.00,100.00,100.00,100.00,59.53,0.00,2012-07-24,2012-07-30,1
20120717,04001,Apache County,AZ,0.00,100.00,100.00,100.00,59.53,0.00,2012-07-17,2012-07-23,1
20120710,04001,Apache County,AZ,0.00,100.00,100.00,100.00,59.53,0.00,2012-07-10,2012-07-16,1
20120703,04001,Apache County,AZ,0.00,100.00,100.00,100.00,59.53,0.00,2012-07-03,2012-07-09,1
20120626,04001,Apache County,AZ,0.00,100.00,100.00,100.00,59.53,0.00,2012-06-26,2012-07-02,1
20120619,04001,Apache County,AZ,0.00,100.00,100.00,100.00,58.85,0.00,2012-06-19,2012-06-25,1
20120612,04001,Apache County,AZ,0.00,100.00,100.00,100.00,33.28,0.00,2012-06-12,2012-06-18,1
20120605,04001,Apache County,AZ,0.00,100.00,100.00,100.00,33.28,0.00,2012-06-05,2012-06-11,1
20120529,04001,Apache County,AZ,0.00,100.00,100.00,100.00,33.28,0.00,2012-05-29,2012-06-04,1
20120522,04001,Apache County,AZ,0.00,100.00,100.00,100.00,33.28,0.00,2012-05-22,2012-05-28,1
20120515,04001,Apache County,AZ,0.00,100.00,100.00,76.78,33.28,0.00,2012-05-15,2012-05-21,1
20120508,04001,Apache County,AZ,0.00,100.00,100.00,76.78,33.28,0.00,2012-05-08,2012-05-14,1
20120501,04001,Apache County,AZ,0.00,100.00,100.00,76.78,33.28,0.00,2012-05-01,2012-05-07,1
20120424,04001,Apache County,AZ,0.00,100.00,100.00,76.78,33.28,0.00,2012-04-24,2012-04-30,1
20120417,04001,Apache County,AZ,0.00,100.00,100.00,59.62,0.00,0.00,2012-04-17,2012-04-23,1
20120410,04001,Apache County,AZ,0.00,100.00,79.06,32.52,0.00,0.00,2012-04-10,2012-04-16,1
20120403,04001,Apache County,AZ,0.00,100.00,79.06,32.52,0.00,0.00,2012-04-03,2012-04-09,1
20120327,04001,Apache County,AZ,3.94,96.06,78.54,32.52,0.00,0.00,2012-03-27,2012-04-02,1
20120320,04001,Apache County,AZ,4.72,95.28,78.54,32.52,0.00,0.00,2012-03-20,2012-03-26,1
20120313,04001,Apache County,AZ,4.72,95.28,78.54,34.47,0.00,0.00,2012-03-13,2012-03-19,1
20120306,04001,Apache County,AZ,4.72,95.28,78.54,10.05,0.00,0.00,2012-03-06,2012-03-12,1
20120228,04001,Apache County,AZ,4.72,95.28,78.54,6.63,0.00,0.00,2012-02-28,2012-03-05,1
20120221,04001,Apache County,AZ,20.04,79.96,65.42,6.63,0.00,0.00,2012-02-21,2012-02-27,1
20120214,04001,Apache County,AZ,20.04,79.96,59.97,6.63,0.00,0.00,2012-02-14,2012-02-20,1
20120207,04001,Apache County,AZ,14.12,85.88,64.96,13.67,0.00,0.00,2012-02-07,2012-02-13,1
20120131,04001,Apache County,AZ,14.12,85.88,64.96,13.67,0.00,0.00,2012-01-31,2012-02-06,1
20120124,04001,Apache County,AZ,14.12,85.88,64.96,13.67,0.00,0.00,2012-01-24,2012-01-30,1
20120117,04001,Apache County,AZ,15.06,84.94,64.96,13.67,0.00,0.00,2012-01-17,2012-01-23,1
20120110,04001,Apache County,AZ,15.06,84.94,64.96,13.67,0.00,0.00,2012-01-10,2012-01-16,1
20120103,04001,Apache County,AZ,15.06,84.94,64.96,13.67,0.00,0.00,2012-01-03,2012-01-09,1
20111227,04001,Apache County,AZ,15.06,84.94,64.96,13.67,0.00,0.00,2011-12-27,2012-01-02,1
20111220,04001,Apache County,AZ,15.06,84.94,64.96,13.67,0.00,0.00,2011-12-20,2011-12-26,1
20111213,04001,Apache County,AZ,15.06,84.94,70.41,18.39,0.00,0.00,2011-12-13,2011-12-19,1
20111206,04001,Apache County,AZ,15.06,84.94,70.41,18.39,0.00,0.00,2011-12-06,2011-12-12,1
20111129,04001,Apache County,AZ,15.06,84.94,70.41,18.39,0.00,0.00,2011-11-29,2011-12-05,1
20111122,04001,Apache County,AZ,15.06,84.94,70.41,18.39,0.00,0.00,2011-11-22,2011-11-28,1
20111115,04001,Apache County,AZ,15.06,84.94,70.41,18.39,0.00,0.00,2011-11-15,2011-11-21,1
20111108,04001,Apache County,AZ,14.85,85.15,70.15,17.94,0.00,0.00,2011-11-08,2011-11-14,1
20111101,04001,Apache County,AZ,14.85,85.15,70.15,17.94,0.00,0.00,2011-11-01,2011-11-07,1
20111025,04001,Apache County,AZ,14.41,85.59,70.07,18.12,0.00,0.00,2011-10-25,2011-10-31,1
20111018,04001,Apache County,AZ,14.41,85.59,70.07,18.12,0.00,0.00,2011-10-18,2011-10-24,1
20111011,04001,Apache County,AZ,8.90,91.10,75.66,18.12,0.00,0.00,2011-10-11,2011-10-17,1
20111004,04001,Apache County,AZ,0.00,100.00,82.28,18.12,0.00,0.00,2011-10-04,2011-10-10,1
20110927,04001,Apache County,AZ,0.00,100.00,82.28,18.12,0.00,0.00,2011-09-27,2011-10-03,1
20110920,04001,Apache County,AZ,0.00,100.00,82.28,18.12,0.00,0.00,2011-09-20,2011-09-26,1
20110913,04001,Apache County,AZ,0.00,100.00,100.00,23.19,0.00,0.00,2011-09-13,2011-09-19,1
20110906,04001,Apache County,AZ,0.00,100.00,100.00,23.01,0.00,0.00,2011-09-06,2011-09-12,1
20110830,04001,Apache County,AZ,0.00,100.00,100.00,19.56,0.00,0.00,2011-08-30,2011-09-05,1
20110823,04001,Apache County,AZ,0.00,100.00,100.00,32.64,0.00,0.00,2011-08-23,2011-08-29,1
20110816,04001,Apache County,AZ,0.00,100.00,100.00,63.37,3.08,0.00,2011-08-16,2011-08-22,1
20110809,04001,Apache County,AZ,0.00,100.00,100.00,67.09,3.08,0.00,2011-08-09,2011-08-15,1
20110802,04001,Apache County,AZ,0.00,100.00,100.00,67.09,3.08,0.00,2011-08-02,2011-08-08,1
20110726,04001,Apache County,AZ,0.00,100.00,100.00,67.09,3.08,0.00,2011-07-26,2011-08-01,1
20110719,04001,Apache County,AZ,0.00,100.00,100.00,67.09,3.08,0.00,2011-07-19,2011-07-25,1
20110712,04001,Apache County,AZ,0.00,100.00,100.00,74.88,3.08,0.00,2011-07-12,2011-07-18,1
20110705,04001,Apache County,AZ,0.00,100.00,100.00,74.88,10.42,0.00,2011-07-05,2011-07-11,1
20110628,04001,Apache County,AZ,0.00,100.00,100.00,74.88,10.42,0.00,2011-06-28,2011-07-04,1
20110621,04001,Apache County,AZ,0.00,100.00,95.30,35.01,10.42,0.00,2011-06-21,2011-06-27,1
20110614,04001,Apache County,AZ,0.00,100.00,95.30,35.01,10.42,0.00,2011-06-14,2011-06-20,1
20110607,04001,Apache County,AZ,0.00,100.00,95.30,35.01,10.48,0.00,2011-06-07,2011-06-13,1
20110531,04001,Apache County,AZ,0.00,100.00,95.30,35.01,0.94,0.00,2011-05-31,2011-06-06,1
20110524,04001,Apache County,AZ,0.00,100.00,95.30,35.01,0.94,0.00,2011-05-24,2011-05-30,1
20110517,04001,Apache County,AZ,0.00,100.00,99.83,44.17,0.94,0.00,2011-05-17,2011-05-23,1
20110510,04001,Apache County,AZ,0.00,100.00,97.27,44.17,0.94,0.00,2011-05-10,2011-05-16,1
20110503,04001,Apache County,AZ,0.00,100.00,96.95,44.17,0.94,0.00,2011-05-03,2011-05-09,1
20110426,04001,Apache County,AZ,0.00,100.00,96.95,38.24,0.00,0.00,2011-04-26,2011-05-02,1
20110419,04001,Apache County,AZ,0.00,100.00,80.92,38.24,0.00,0.00,2011-04-19,2011-04-25,1
20110412,04001,Apache County,AZ,0.00,100.00,80.92,38.24,0.00,0.00,2011-04-12,2011-04-18,1
20110405,04001,Apache County,AZ,0.00,100.00,80.92,37.40,0.00,0.00,2011-04-05,2011-04-11,1
20110329,04001,Apache County,AZ,9.47,90.53,69.74,36.45,0.00,0.00,2011-03-29,2011-04-04,1
20110322,04001,Apache County,AZ,13.07,86.93,41.21,1.51,0.00,0.00,2011-03-22,2011-03-28,1
20110315,04001,Apache County,AZ,13.07,86.93,40.92,0.00,0.00,0.00,2011-03-15,2011-03-21,1
20110308,04001,Apache County,AZ,17.34,82.66,40.92,0.00,0.00,0.00,2011-03-08,2011-03-14,1
20110301,04001,Apache County,AZ,17.34,82.66,40.92,0.00,0.00,0.00,2011-03-01,2011-03-07,1
20110222,04001,Apache County,AZ,17.34,82.66,40.92,0.00,0.00,0.00,2011-02-22,2011-02-28,1
20110215,04001,Apache County,AZ,17.34,82.66,40.92,0.00,0.00,0.00,2011-02-15,2011-02-21,1
20110208,04001,Apache County,AZ,17.10,82.90,40.92,0.00,0.00,0.00,2011-02-08,2011-02-14,1
20110201,04001,Apache County,AZ,18.82,81.18,2.57,0.00,0.00,0.00,2011-02-01,2011-02-07,1
20110125,04001,Apache County,AZ,18.82,81.18,2.57,0.00,0.00,0.00,2011-01-25,2011-01-31,1
20110118,04001,Apache County,AZ,18.82,81.18,2.57,0.00,0.00,0.00,2011-01-18,2011-01-24,1
20110111,04001,Apache County,AZ,18.86,81.14,2.32,0.00,0.00,0.00,2011-01-11,2011-01-17,1
20110104,04001,Apache County,AZ,0.00,100.00,2.32,0.00,0.00,0.00,2011-01-04,2011-01-10,1
20101228,04001,Apache County,AZ,0.00,100.00,2.52,0.00,0.00,0.00,2010-12-28,2011-01-03,1
20101221,04001,Apache County,AZ,0.00,100.00,2.52,0.00,0.00,0.00,2010-12-21,2010-12-27,1
20101214,04001,Apache County,AZ,0.00,100.00,2.52,0.00,0.00,0.00,2010-12-14,2010-12-20,1
20101207,04001,Apache County,AZ,0.13,99.87,0.56,0.00,0.00,0.00,2010-12-07,2010-12-13,1
20101130,04001,Apache County,AZ,55.95,44.05,0.56,0.00,0.00,0.00,2010-11-30,2010-12-06,1
20101123,04001,Apache County,AZ,55.95,44.05,0.56,0.00,0.00,0.00,2010-11-23,2010-11-29,1
20101116,04001,Apache County,AZ,55.95,44.05,0.56,0.00,0.00,0.00,2010-11-16,2010-11-22,1
20101109,04001,Apache County,AZ,58.71,41.29,0.00,0.00,0.00,0.00,2010-11-09,2010-11-15,1
20101102,04001,Apache County,AZ,58.71,41.29,0.00,0.00,0.00,0.00,2010-11-02,2010-11-08,1
20101026,04001,Apache County,AZ,58.71,41.29,0.00,0.00,0.00,0.00,2010-10-26,2010-11-01,1
20101019,04001,Apache County,AZ,28.96,71.04,0.00,0.00,0.00,0.00,2010-10-19,2010-10-25,1
20101012,04001,Apache County,AZ,28.96,71.04,0.00,0.00,0.00,0.00,2010-10-12,2010-10-18,1
20101005,04001,Apache County,AZ,28.96,71.04,0.00,0.00,0.00,0.00,2010-10-05,2010-10-11,1
20100928,04001,Apache County,AZ,28.96,71.04,0.00,0.00,0.00,0.00,2010-09-28,2010-10-04,1
20100921,04001,Apache County,AZ,28.96,71.04,0.00,0.00,0.00,0.00,2010-09-21,2010-09-27,1
20100914,04001,Apache County,AZ,28.96,71.04,0.00,0.00,0.00,0.00,2010-09-14,2010-09-20,1
20100907,04001,Apache County,AZ,28.96,71.04,0.00,0.00,0.00,0.00,2010-09-07,2010-09-13,1
20100831,04001,Apache County,AZ,28.96,71.04,0.00,0.00,0.00,0.00,2010-08-31,2010-09-06,1
20100824,04001,Apache County,AZ,28.96,71.04,0.00,0.00,0.00,0.00,2010-08-24,2010-08-30,1
20100817,04001,Apache County,AZ,28.96,71.04,0.00,0.00,0.00,0.00,2010-08-17,2010-08-23,1
20100810,04001,Apache County,AZ,28.96,71.04,0.00,0.00,0.00,0.00,2010-08-10,2010-08-16,1
20100803,04001,Apache County,AZ,28.96,71.04,34.67,0.00,0.00,0.00,2010-08-03,2010-08-09,1
20100727,04001,Apache County,AZ,22.12,77.88,59.46,0.00,0.00,0.00,2010-07-27,2010-08-02,1
20100720,04001,Apache County,AZ,13.03,86.97,33.00,6.70,0.00,0.00,2010-07-20,2010-07-26,1
20100713,04001,Apache County,AZ,13.90,86.10,33.38,6.70,0.00,0.00,2010-07-13,2010-07-19,1
20100706,04001,Apache County,AZ,13.90,86.10,33.38,6.70,0.00,0.00,2010-07-06,2010-07-12,1
20100629,04001,Apache County,AZ,13.94,86.06,33.06,6.72,0.00,0.00,2010-06-29,2010-07-05,1
20100622,04001,Apache County,AZ,13.94,86.06,33.06,6.72,0.00,0.00,2010-06-22,2010-06-28,1
20100615,04001,Apache County,AZ,13.94,86.06,33.06,6.72,0.00,0.00,2010-06-15,2010-06-21,1
20100608,04001,Apache County,AZ,14.32,85.68,30.91,6.72,0.00,0.00,2010-06-08,2010-06-14,1
20100601,04001,Apache County,AZ,14.07,85.93,30.91,6.72,0.00,0.00,2010-06-01,2010-06-07,1
20100525,04001,Apache County,AZ,14.07,85.93,30.91,6.72,0.00,0.00,2010-05-25,2010-05-31,1
20100518,04001,Apache County,AZ,14.07,85.93,30.91,6.72,0.00,0.00,2010-05-18,2010-05-24,1
20100511,04001,Apache County,AZ,9.16,90.84,30.91,6.72,0.00,0.00,2010-05-11,2010-05-17,1
20100504,04001,Apache County,AZ,8.90,91.10,30.91,6.72,0.00,0.00,2010-05-04,2010-05-10,1
20100427,04001,Apache County,AZ,8.90,91.10,30.91,6.72,0.00,0.00,2010-04-27,2010-05-03,1
20100420,04001,Apache County,AZ,8.90,91.10,30.91,6.72,0.00,0.00,2010-04-20,2010-04-26,1
20100413,04001,Apache County,AZ,8.11,91.89,30.91,6.72,0.00,0.00,2010-04-13,2010-04-19,1
20100406,04001,Apache County,AZ,8.11,91.89,30.91,6.72,0.00,0.00,2010-04-06,2010-04-12,1
20100330,04001,Apache County,AZ,8.11,91.89,30.91,6.72,0.00,0.00,2010-03-30,2010-04-05,1
20100323,04001,Apache County,AZ,8.11,91.89,54.89,19.72,0.00,0.00,2010-03-23,2010-03-29,1
20100316,04001,Apache County,AZ,6.24,93.76,61.67,20.04,0.00,0.00,2010-03-16,2010-03-22,1
20100309,04001,Apache County,AZ,6.24,93.76,62.95,20.04,0.00,0.00,2010-03-09,2010-03-15,1
20100302,04001,Apache County,AZ,6.24,93.76,62.95,23.67,0.00,0.00,2010-03-02,2010-03-08,1
20100223,04001,Apache County,AZ,6.24,93.76,63.47,23.67,0.00,0.00,2010-02-23,2010-03-01,1
20100216,04001,Apache County,AZ,6.24,93.76,64.13,23.67,0.00,0.00,2010-02-16,2010-02-22,1
20100209,04001,Apache County,AZ,6.03,93.97,64.13,23.67,0.00,0.00,2010-02-09,2010-02-15,1
20100202,04001,Apache County,AZ,6.03,93.97,72.65,23.67,0.00,0.00,2010-02-02,2010-02-08,1
20100126,04001,Apache County,AZ,5.84,94.16,72.75,25.85,1.07,0.00,2010-01-26,2010-02-01,1
20100119,04001,Apache County,AZ,0.00,100.00,100.00,81.82,15.83,0.00,2010-01-19,2010-01-25,1
20100112,04001,Apache County,AZ,0.00,100.00,100.00,81.82,15.83,0.00,2010-01-12,2010-01-18,1
20100105,04001,Apache County,AZ,0.00,100.00,100.00,74.03,11.55,0.00,2010-01-05,2010-01-11,1
20091229,04001,Apache County,AZ,0.00,100.00,100.00,74.03,11.55,0.00,2009-12-29,2010-01-04,1
20091222,04001,Apache County,AZ,0.00,100.00,100.00,74.03,11.55,0.00,2009-12-22,2009-12-28,1
20091215,04001,Apache County,AZ,0.00,100.00,100.00,74.03,11.55,0.00,2009-12-15,2009-12-21,1
20091208,04001,Apache County,AZ,0.00,100.00,100.00,74.03,11.55,0.00,2009-12-08,2009-12-14,1
20091201,04001,Apache County,AZ,0.00,100.00,100.00,74.03,11.55,0.00,2009-12-01,2009-12-07,1
20091124,04001,Apache County,AZ,0.00,100.00,100.00,74.03,11.48,0.00,2009-11-24,2009-11-30,1
20091117,04001,Apache County,AZ,0.00,100.00,77.44,52.58,0.00,0.00,2009-11-17,2009-11-23,1
20091110,04001,Apache County,AZ,0.00,100.00,75.79,52.58,0.00,0.00,2009-11-10,2009-11-16,1
20091103,04001,Apache County,AZ,0.00,100.00,76.51,52.58,0.00,0.00,2009-11-03,2009-11-09,1
20091027,04001,Apache County,AZ,0.00,100.00,76.51,52.58,0.00,0.00,2009-10-27,2009-11-02,1
20091020,04001,Apache County,AZ,0.00,100.00,76.51,52.63,0.00,0.00,2009-10-20,2009-10-26,1
20091013,04001,Apache County,AZ,0.00,100.00,76.51,52.63,0.00,0.00,2009-10-13,2009-10-19,1
20091006,04001,Apache County,AZ,8.60,91.40,65.84,0.15,0.00,0.00,2009-10-06,2009-10-12,1
20090929,04001,Apache County,AZ,28.93,71.07,59.93,0.00,0.00,0.00,2009-09-29,2009-10-05,1
20090922,04001,Apache County,AZ,28.93,71.07,59.15,0.00,0.00,0.00,2009-09-22,2009-09-28,1
20090915,04001,Apache County,AZ,3.06,96.94,82.27,0.00,0.00,0.00,2009-09-15,2009-09-21,1
20090908,04001,Apache County,AZ,3.06,96.94,83.57,0.00,0.00,0.00,2009-09-08,2009-09-14,1
20090901,04001,Apache County,AZ,3.06,96.94,61.86,0.00,0.00,0.00,2009-09-01,2009-09-07,1
20090825,04001,Apache County,AZ,3.06,96.94,61.86,0.00,0.00,0.00,2009-08-25,2009-08-31,1
20090818,04001,Apache County,AZ,4.54,95.46,0.00,0.00,0.00,0.00,2009-08-18,2009-08-24,1
20090811,04001,Apache County,AZ,4.54,95.46,0.00,0.00,0.00,0.00,2009-08-11,2009-08-17,1
20090804,04001,Apache County,AZ,4.98,95.02,0.00,0.00,0.00,0.00,2009-08-04,2009-08-10,1
20090728,04001,Apache County,AZ,73.25,26.75,0.00,0.00,0.00,0.00,2009-07-28,2009-08-03,1
20090721,04001,Apache County,AZ,73.25,26.75,0.00,0.00,0.00,0.00,2009-07-21,2009-07-27,1
20090714,04001,Apache County,AZ,73.25,26.75,0.00,0.00,0.00,0.00,2009-07-14,2009-07-20,1
20090707,04001,Apache County,AZ,73.25,26.75,0.00,0.00,0.00,0.00,2009-07-07,2009-07-13,1
20090630,04001,Apache County,AZ,73.25,26.75,0.00,0.00,0.00,0.00,2009-06-30,2009-07-06,1
20090623,04001,Apache County,AZ,65.08,34.92,0.00,0.00,0.00,0.00,2009-06-23,2009-06-29,1
20090616,04001,Apache County,AZ,63.94,36.06,0.00,0.00,0.00,0.00,2009-06-16,2009-06-22,1
20090609,04001,Apache County,AZ,60.51,39.49,0.00,0.00,0.00,0.00,2009-06-09,2009-06-15,1
20090602,04001,Apache County,AZ,60.51,39.49,0.00,0.00,0.00,0.00,2009-06-02,2009-06-08,1
20090526,04001,Apache County,AZ,60.68,39.32,0.00,0.00,0.00,0.00,2009-05-26,2009-06-01,1
20090519,04001,Apache County,AZ,0.00,100.00,21.21,0.00,0.00,0.00,2009-05-19,2009-05-25,1
20090512,04001,Apache County,AZ,0.00,100.00,21.80,0.00,0.00,0.00,2009-05-12,2009-05-18,1
20090505,04001,Apache County,AZ,0.00,100.00,5.65,0.00,0.00,0.00,2009-05-05,2009-05-11,1
20090428,04001,Apache County,AZ,0.00,100.00,4.23,0.00,0.00,0.00,2009-04-28,2009-05-04,1
20090421,04001,Apache County,AZ,0.00,100.00,4.23,0.00,0.00,0.00,2009-04-21,2009-04-27,1
20090414,04001,Apache County,AZ,1.28,98.72,0.00,0.00,0.00,0.00,2009-04-14,2009-04-20,1
20090407,04001,Apache County,AZ,59.69,40.31,0.00,0.00,0.00,0.00,2009-04-07,2009-04-13,1
20090331,04001,Apache County,AZ,59.69,40.31,0.00,0.00,0.00,0.00,2009-03-31,2009-04-06,1
20090324,04001,Apache County,AZ,59.69,40.31,0.00,0.00,0.00,0.00,2009-03-24,2009-03-30,1
20090317,04001,Apache County,AZ,60.87,39.13,0.00,0.00,0.00,0.00,2009-03-17,2009-03-23,1
20090310,04001,Apache County,AZ,60.87,39.13,0.00,0.00,0.00,0.00,2009-03-10,2009-03-16,1
20090303,04001,Apache County,AZ,60.96,39.04,0.00,0.00,0.00,0.00,2009-03-03,2009-03-09,1
20090224,04001,Apache County,AZ,60.96,39.04,0.00,0.00,0.00,0.00,2009-02-24,2009-03-02,1
20090217,04001,Apache County,AZ,60.96,39.04,0.00,0.00,0.00,0.00,2009-02-17,2009-02-23,1
20090210,04001,Apache County,AZ,35.19,64.81,0.00,0.00,0.00,0.00,2009-02-10,2009-02-16,1
20090203,04001,Apache County,AZ,35.19,64.81,0.00,0.00,0.00,0.00,2009-02-03,2009-02-09,1
20090127,04001,Apache County,AZ,35.32,64.68,0.00,0.00,0.00,0.00,2009-01-27,2009-02-02,1
20090120,04001,Apache County,AZ,35.83,64.17,0.00,0.00,0.00,0.00,2009-01-20,2009-01-26,1
20090113,04001,Apache County,AZ,35.83,64.17,0.00,0.00,0.00,0.00,2009-01-13,2009-01-19,1
20090106,04001,Apache County,AZ,35.83,64.17,0.00,0.00,0.00,0.00,2009-01-06,2009-01-12,1
20081230,04001,Apache County,AZ,29.84,70.16,0.00,0.00,0.00,0.00,2008-12-30,2009-01-05,1
20081223,04001,Apache County,AZ,8.31,91.69,0.00,0.00,0.00,0.00,2008-12-23,2008-12-29,1
20081216,04001,Apache County,AZ,8.31,91.69,0.00,0.00,0.00,0.00,2008-12-16,2008-12-22,1
20081209,04001,Apache County,AZ,8.31,91.69,0.00,0.00,0.00,0.00,2008-12-09,2008-12-15,1
20081202,04001,Apache County,AZ,8.31,91.69,0.00,0.00,0.00,0.00,2008-12-02,2008-12-08,1
20081125,04001,Apache County,AZ,8.31,91.69,0.00,0.00,0.00,0.00,2008-11-25,2008-12-01,1
20081118,04001,Apache County,AZ,8.31,91.69,0.00,0.00,0.00,0.00,2008-11-18,2008-11-24,1
20081111,04001,Apache County,AZ,100.00,0.00,0.00,0.00,0.00,0.00,2008-11-11,2008-11-17,1
20081104,04001,Apache County,AZ,100.00,0.00,0.00,0.00,0.00,0.00,2008-11-04,2008-11-10,1
20081028,04001,Apache County,AZ,100.00,0.00,0.00,0.00,0.00,0.00,2008-10-28,2008-11-03,1
20081021,04001,Apache County,AZ,100.00,0.00,0.00,0.00,0.00,0.00,2008-10-21,2008-10-27,1
20081014,04001,Apache County,AZ,100.00,0.00,0.00,0.00,0.00,0.00,2008-10-14,2008-10-20,1
20081007,04001,Apache County,AZ,100.00,0.00,0.00,0.00,0.00,0.00,2008-10-07,2008-10-13,1
20080930,04001,Apache County,AZ,100.00,0.00,0.00,0.00,0.00,0.00,2008-09-30,2008-10-06,1
20080923,04001,Apache County,AZ,100.00,0.00,0.00,0.00,0.00,0.00,2008-09-23,2008-09-29,1
20080916,04001,Apache County,AZ,100.00,0.00,0.00,0.00,0.00,0.00,2008-09-16,2008-09-22,1
20080909,04001,Apache County,AZ,100.00,0.00,0.00,0.00,0.00,0.00,2008-09-09,2008-09-15,1
20080902,04001,Apache County,AZ,100.00,0.00,0.00,0.00,0.00,0.00,2008-09-02,2008-09-08,1
20080826,04001,Apache County,AZ,100.00,0.00,0.00,0.00,0.00,0.00,2008-08-26,2008-09-01,1
20080819,04001,Apache County,AZ,100.00,0.00,0.00,0.00,0.00,0.00,2008-08-19,2008-08-25,1
20080812,04001,Apache County,AZ,100.00,0.00,0.00,0.00,0.00,0.00,2008-08-12,2008-08-18,1
20080805,04001,Apache County,AZ,100.00,0.00,0.00,0.00,0.00,0.00,2008-08-05,2008-08-11,1
20080729,04001,Apache County,AZ,100.00,0.00,0.00,0.00,0.00,0.00,2008-07-29,2008-08-04,1
20080722,04001,Apache County,AZ,100.00,0.00,0.00,0.00,0.00,0.00,2008-07-22,2008-07-28,1
20080715,04001,Apache County,AZ,100.00,0.00,0.00,0.00,0.00,0.00,2008-07-15,2008-07-21,1
20080708,04001,Apache County,AZ,100.00,0.00,0.00,0.00,0.00,0.00,2008-07-08,2008-07-14,1
20080701,04001,Apache County,AZ,100.00,0.00,0.00,0.00,0.00,0.00,2008-07-01,2008-07-07,1
20080624,04001,Apache County,AZ,100.00,0.00,0.00,0.00,0.00,0.00,2008-06-24,2008-06-30,1
20080617,04001,Apache County,AZ,100.00,0.00,0.00,0.00,0.00,0.00,2008-06-17,2008-06-23,1
20080610,04001,Apache County,AZ,100.00,0.00,0.00,0.00,0.00,0.00,2008-06-10,2008-06-16,1
20080603,04001,Apache County,AZ,100.00,0.00,0.00,0.00,0.00,0.00,2008-06-03,2008-06-09,1
20080527,04001,Apache County,AZ,100.00,0.00,0.00,0.00,0.00,0.00,2008-05-27,2008-06-02,1
20080520,04001,Apache County,AZ,0.00,100.00,0.00,0.00,0.00,0.00,2008-05-20,2008-05-26,1
20080513,04001,Apache County,AZ,0.00,100.00,0.00,0.00,0.00,0.00,2008-05-13,2008-05-19,1
20080506,04001,Apache County,AZ,0.00,100.00,0.00,0.00,0.00,0.00,2008-05-06,2008-05-12,1
20080429,04001,Apache County,AZ,1.77,98.23,0.00,0.00,0.00,0.00,2008-04-29,2008-05-05,1
20080422,04001,Apache County,AZ,99.94,0.06,0.00,0.00,0.00,0.00,2008-04-22,2008-04-28,1
20080415,04001,Apache County,AZ,99.94,0.06,0.00,0.00,0.00,0.00,2008-04-15,2008-04-21,1
20080408,04001,Apache County,AZ,100.00,0.00,0.00,0.00,0.00,0.00,2008-04-08,2008-04-14,1
20080401,04001,Apache County,AZ,100.00,0.00,0.00,0.00,0.00,0.00,2008-04-01,2008-04-07,1
20080325,04001,Apache County,AZ,100.00,0.00,0.00,0.00,0.00,0.00,2008-03-25,2008-03-31,1
20080318,04001,Apache County,AZ,100.00,0.00,0.00,0.00,0.00,0.00,2008-03-18,2008-03-24,1
20080311,04001,Apache County,AZ,100.00,0.00,0.00,0.00,0.00,0.00,2008-03-11,2008-03-17,1
20080304,04001,Apache County,AZ,100.00,0.00,0.00,0.00,0.00,0.00,2008-03-04,2008-03-10,1
20080226,04001,Apache County,AZ,99.13,0.87,0.00,0.00,0.00,0.00,2008-02-26,2008-03-03,1
20080219,04001,Apache County,AZ,99.13,0.87,0.00,0.00,0.00,0.00,2008-02-19,2008-02-25,1
20080212,04001,Apache County,AZ,99.13,0.87,0.00,0.00,0.00,0.00,2008-02-12,2008-02-18,1
20080205,04001,Apache County,AZ,72.96,27.04,0.00,0.00,0.00,0.00,2008-02-05,2008-02-11,1
20080129,04001,Apache County,AZ,42.07,57.93,25.64,0.00,0.00,0.00,2008-01-29,2008-02-04,1
20080122,04001,Apache County,AZ,39.26,60.74,41.18,0.00,0.00,0.00,2008-01-22,2008-01-28,1
20080115,04001,Apache County,AZ,39.26,60.74,41.20,0.00,0.00,0.00,2008-01-15,2008-01-21,1
20080108,04001,Apache County,AZ,39.26,60.74,41.20,0.00,0.00,0.00,2008-01-08,2008-01-14,1
20080101,04001,Apache County,AZ,38.97,61.03,41.25,0.00,0.00,0.00,2008-01-01,2008-01-07,1
20071225,04001,Apache County,AZ,38.97,61.03,41.25,0.00,0.00,0.00,2007-12-25,2007-12-31,1
20071218,04001,Apache County,AZ,38.97,61.03,41.25,0.00,0.00,0.00,2007-12-18,2007-12-24,1
20071211,04001,Apache County,AZ,38.97,61.03,41.18,0.00,0.00,0.00,2007-12-11,2007-12-17,1
20071204,04001,Apache County,AZ,17.68,82.32,41.18,0.00,0.00,0.00,2007-12-04,2007-12-10,1
20071127,04001,Apache County,AZ,5.76,94.24,60.96,0.00,0.00,0.00,2007-11-27,2007-12-03,1
20071120,04001,Apache County,AZ,5.76,94.24,6.16,0.00,0.00,0.00,2007-11-20,2007-11-26,1
20071113,04001,Apache County,AZ,5.76,94.24,6.16,0.00,0.00,0.00,2007-11-13,2007-11-19,1
20071106,04001,Apache County,AZ,5.76,94.24,6.16,0.00,0.00,0.00,2007-11-06,2007-11-12,1
20071030,04001,Apache County,AZ,28.69,71.31,6.16,0.00,0.00,0.00,2007-10-30,2007-11-05,1
20071023,04001,Apache County,AZ,28.69,71.31,6.16,0.00,0.00,0.00,2007-10-23,2007-10-29,1
20071016,04001,Apache County,AZ,28.69,71.31,6.16,0.00,0.00,0.00,2007-10-16,2007-10-22,1
20071009,04001,Apache County,AZ,28.69,71.31,6.16,0.00,0.00,0.00,2007-10-09,2007-10-15,1
20071002,04001,Apache County,AZ,28.69,71.31,6.16,0.00,0.00,0.00,2007-10-02,2007-10-08,1
20070925,04001,Apache County,AZ,28.86,71.14,9.91,0.00,0.00,0.00,2007-09-25,2007-10-01,1
20070918,04001,Apache County,AZ,15.07,84.93,28.75,5.36,0.00,0.00,2007-09-18,2007-09-24,1
20070911,04001,Apache County,AZ,15.07,84.93,28.75,5.36,0.00,0.00,2007-09-11,2007-09-17,1
20070904,04001,Apache County,AZ,15.07,84.93,28.75,5.36,0.00,0.00,2007-09-04,2007-09-10,1
20070828,04001,Apache County,AZ,15.07,84.93,28.75,5.36,0.00,0.00,2007-08-28,2007-09-03,1
20070821,04001,Apache County,AZ,13.75,86.25,30.28,5.36,0.00,0.00,2007-08-21,2007-08-27,1
20070814,04001,Apache County,AZ,0.00,100.00,82.80,5.36,0.00,0.00,2007-08-14,2007-08-20,1
20070807,04001,Apache County,AZ,0.00,100.00,88.27,5.36,0.00,0.00,2007-08-07,2007-08-13,1
20070731,04001,Apache County,AZ,0.00,100.00,88.27,80.87,0.00,0.00,2007-07-31,2007-08-06,1
20070724,04001,Apache County,AZ,0.00,100.00,88.27,80.87,0.00,0.00,2007-07-24,2007-07-30,1
20070717,04001,Apache County,AZ,0.00,100.00,88.27,78.07,0.00,0.00,2007-07-17,2007-07-23,1
20070710,04001,Apache County,AZ,0.00,100.00,88.27,78.07,0.00,0.00,2007-07-10,2007-07-16,1
20070703,04001,Apache County,AZ,0.00,100.00,88.27,78.07,0.00,0.00,2007-07-03,2007-07-09,1
20070626,04001,Apache County,AZ,0.00,100.00,88.27,78.07,0.00,0.00,2007-06-26,2007-07-02,1
20070619,04001,Apache County,AZ,0.00,100.00,88.27,78.07,0.00,0.00,2007-06-19,2007-06-25,1
20070612,04001,Apache County,AZ,0.00,100.00,88.27,78.07,0.00,0.00,2007-06-12,2007-06-18,1
20070605,04001,Apache County,AZ,0.00,100.00,88.27,78.07,0.00,0.00,2007-06-05,2007-06-11,1
20070529,04001,Apache County,AZ,0.00,100.00,88.27,78.07,0.00,0.00,2007-05-29,2007-06-04,1
20070522,04001,Apache County,AZ,0.00,100.00,89.08,78.07,0.00,0.00,2007-05-22,2007-05-28,1
20070515,04001,Apache County,AZ,0.00,100.00,89.08,78.07,0.00,0.00,2007-05-15,2007-05-21,1
20070508,04001,Apache County,AZ,0.00,100.00,89.08,78.07,0.00,0.00,2007-05-08,2007-05-14,1
20070501,04001,Apache County,AZ,0.00,100.00,89.08,78.07,0.00,0.00,2007-05-01,2007-05-07,1
20070424,04001,Apache County,AZ,0.00,100.00,88.32,78.07,0.00,0.00,2007-04-24,2007-04-30,1
20070417,04001,Apache County,AZ,0.00,100.00,88.32,78.07,0.00,0.00,2007-04-17,2007-04-23,1
20070410,04001,Apache County,AZ,0.00,100.00,88.32,69.93,0.00,0.00,2007-04-10,2007-04-16,1
20070403,04001,Apache County,AZ,0.00,100.00,88.32,69.93,0.00,0.00,2007-04-03,2007-04-09,1
20070327,04001,Apache County,AZ,0.00,100.00,89.75,69.93,0.00,0.00,2007-03-27,2007-04-02,1
20070320,04001,Apache County,AZ,0.00,100.00,89.36,47.09,0.00,0.00,2007-03-20,2007-03-26,1
20070313,04001,Apache County,AZ,0.00,100.00,88.33,46.26,0.00,0.00,2007-03-13,2007-03-19,1
20070306,04001,Apache County,AZ,1.27,98.73,73.04,38.74,0.00,0.00,2007-03-06,2007-03-12,1
20070227,04001,Apache County,AZ,1.27,98.73,69.12,38.74,0.00,0.00,2007-02-27,2007-03-05,1
20070220,04001,Apache County,AZ,0.98,99.02,68.80,38.74,0.00,0.00,2007-02-20,2007-02-26,1
20070213,04001,Apache County,AZ,0.98,99.02,68.80,38.74,0.00,0.00,2007-02-13,2007-02-19,1
20070206,04001,Apache County,AZ,0.98,99.02,68.80,38.74,0.00,0.00,2007-02-06,2007-02-12,1
20070130,04001,Apache County,AZ,0.00,100.00,68.80,37.11,0.00,0.00,2007-01-30,2007-02-05,1
20070123,04001,Apache County,AZ,0.00,100.00,68.93,37.11,0.00,0.00,2007-01-23,2007-01-29,1
20070116,04001,Apache County,AZ,0.81,99.19,68.93,37.11,0.44,0.00,2007-01-16,2007-01-22,1
20070109,04001,Apache County,AZ,0.81,99.19,68.93,37.11,0.44,0.00,2007-01-09,2007-01-15,1
20070102,04001,Apache County,AZ,0.00,100.00,68.93,37.11,0.44,0.00,2007-01-02,2007-01-08,1
20061226,04001,Apache County,AZ,0.00,100.00,68.93,37.11,0.44,0.00,2006-12-26,2007-01-01,1
20061219,04001,Apache County,AZ,0.00,100.00,68.93,37.11,0.44,0.00,2006-12-19,2006-12-25,1
20061212,04001,Apache County,AZ,0.00,100.00,68.93,37.11,0.44,0.00,2006-12-12,2006-12-18,1
20061205,04001,Apache County,AZ,0.00,100.00,68.93,37.11,0.44,0.00,2006-12-05,2006-12-11,1
20061128,04001,Apache County,AZ,0.21,99.79,68.81,37.11,0.44,0.00,2006-11-28,2006-12-04,1
20061121,04001,Apache County,AZ,0.26,99.74,68.81,37.11,0.44,0.00,2006-11-21,2006-11-27,1
20061114,04001,Apache County,AZ,0.32,99.68,68.81,37.11,0.44,0.00,2006-11-14,2006-11-20,1
20061107,04001,Apache County,AZ,0.32,99.68,68.81,37.11,0.44,0.00,2006-11-07,2006-11-13,1
20061031,04001,Apache County,AZ,0.32,99.68,68.81,37.11,0.44,0.00,2006-10-31,2006-11-06,1
20061024,04001,Apache County,AZ,0.32,99.68,68.81,37.11,0.44,0.00,2006-10-24,2006-10-30,1
20061017,04001,Apache County,AZ,0.32,99.68,68.81,37.11,0.44,0.00,2006-10-17,2006-10-23,1
20061010,04001,Apache County,AZ,0.32,99.68,68.81,37.11,0.44,0.00,2006-10-10,2006-10-16,1
20061003,04001,Apache County,AZ,0.02,99.98,87.81,50.97,14.21,0.00,2006-10-03,2006-10-09,1
20060926,04001,Apache County,AZ,0.05,99.95,87.81,50.97,14.21,0.00,2006-09-26,2006-10-02,1
20060919,04001,Apache County,AZ,0.04,99.96,87.81,50.97,14.21,0.00,2006-09-19,2006-09-25,1
20060912,04001,Apache County,AZ,0.04,99.96,87.97,74.36,14.21,0.00,2006-09-12,2006-09-18,1
20060905,04001,Apache County,AZ,0.04,99.96,87.97,74.36,14.21,0.00,2006-09-05,2006-09-11,1
20060829,04001,Apache County,AZ,0.04,99.96,87.97,74.36,14.21,0.00,2006-08-29,2006-09-04,1
20060822,04001,Apache County,AZ,0.00,100.00,95.76,74.36,13.49,0.00,2006-08-22,2006-08-28,1
20060815,04001,Apache County,AZ,0.00,100.00,93.42,77.60,13.49,0.00,2006-08-15,2006-08-21,1
20060808,04001,Apache County,AZ,0.00,100.00,96.61,85.61,34.25,0.00,2006-08-08,2006-08-14,1
20060801,04001,Apache County,AZ,0.00,100.00,100.00,91.98,36.99,0.00,2006-08-01,2006-08-07,1
20060725,04001,Apache County,AZ,0.00,100.00,100.00,98.44,64.43,0.00,2006-07-25,2006-07-31,1
20060718,04001,Apache County,AZ,0.00,100.00,100.00,98.44,64.43,0.00,2006-07-18,2006-07-24,1
20060711,04001,Apache County,AZ,0.00,100.00,100.00,98.44,64.43,0.00,2006-07-11,2006-07-17,1
20060704,04001,Apache County,AZ,0.00,100.00,100.00,98.31,67.57,1.52,2006-07-04,2006-07-10,1
20060627,04001,Apache County,AZ,0.00,100.00,100.00,98.31,67.57,1.52,2006-06-27,2006-07-03,1
20060620,04001,Apache County,AZ,0.00,100.00,100.00,98.31,67.57,1.52,2006-06-20,2006-06-26,1
20060613,04001,Apache County,AZ,0.00,100.00,100.00,98.31,67.57,1.52,2006-06-13,2006-06-19,1
20060606,04001,Apache County,AZ,0.00,100.00,100.00,98.31,67.57,1.52,2006-06-06,2006-06-12,1
20060530,04001,Apache County,AZ,0.00,100.00,100.00,93.30,67.57,1.52,2006-05-30,2006-06-05,1
20060523,04001,Apache County,AZ,0.00,100.00,100.00,93.30,67.57,1.52,2006-05-23,2006-05-29,1
20060516,04001,Apache County,AZ,0.00,100.00,100.00,84.90,60.99,1.52,2006-05-16,2006-05-22,1
20060509,04001,Apache County,AZ,0.00,100.00,100.00,84.90,60.99,1.52,2006-05-09,2006-05-15,1
20060502,04001,Apache County,AZ,0.00,100.00,100.00,84.90,52.67,1.52,2006-05-02,2006-05-08,1
20060425,04001,Apache County,AZ,0.00,100.00,100.00,84.90,51.32,0.00,2006-04-25,2006-05-01,1
20060418,04001,Apache County,AZ,0.00,100.00,100.00,84.90,51.32,0.00,2006-04-18,2006-04-24,1
20060411,04001,Apache County,AZ,0.00,100.00,100.00,84.90,51.32,0.00,2006-04-11,2006-04-17,1
20060404,04001,Apache County,AZ,0.00,100.00,100.00,84.90,60.10,0.00,2006-04-04,2006-04-10,1
20060328,04001,Apache County,AZ,0.00,100.00,100.00,84.90,60.10,0.00,2006-03-28,2006-04-03,1
20060321,04001,Apache County,AZ,0.00,100.00,100.00,84.90,60.10,0.00,2006-03-21,2006-03-27,1
20060314,04001,Apache County,AZ,0.00,100.00,100.00,84.90,60.10,0.00,2006-03-14,2006-03-20,1
20060307,04001,Apache County,AZ,0.00,100.00,100.00,84.90,60.10,0.00,2006-03-07,2006-03-13,1
20060228,04001,Apache County,AZ,0.00,100.00,100.00,81.76,39.15,0.00,2006-02-28,2006-03-06,1
20060221,04001,Apache County,AZ,0.00,100.00,100.00,81.76,39.15,0.00,2006-02-21,2006-02-27,1
20060214,04001,Apache County,AZ,0.00,100.00,100.00,66.86,39.15,0.00,2006-02-14,2006-02-20,1
20060207,04001,Apache County,AZ,0.00,100.00,100.00,66.86,39.15,0.00,2006-02-07,2006-02-13,1
20060131,04001,Apache County,AZ,0.00,100.00,100.00,66.86,0.00,0.00,2006-01-31,2006-02-06,1
20060124,04001,Apache County,AZ,0.00,100.00,95.36,57.19,0.00,0.00,2006-01-24,2006-01-30,1
20060117,04001,Apache County,AZ,0.00,100.00,95.36,0.00,0.00,0.00,2006-01-17,2006-01-23,1
20060110,04001,Apache County,AZ,0.00,100.00,81.07,0.00,0.00,0.00,2006-01-10,2006-01-16,1
20060103,04001,Apache County,AZ,0.00,100.00,70.65,0.00,0.00,0.00,2006-01-03,2006-01-09,1
20051227,04001,Apache County,AZ,0.25,99.75,40.53,0.00,0.00,0.00,2005-12-27,2006-01-02,1
20051220,04001,Apache County,AZ,0.25,99.75,40.53,0.00,0.00,0.00,2005-12-20,2005-12-26,1
20051213,04001,Apache County,AZ,0.25,99.75,40.53,0.00,0.00,0.00,2005-12-13,2005-12-19,1
20051206,04001,Apache County,AZ,26.52,73.48,40.53,0.00,0.00,0.00,2005-12-06,2005-12-12,1
20051129,04001,Apache County,AZ,26.52,73.48,40.53,0.00,0.00,0.00,2005-11-29,2005-12-05,1
20051122,04001,Apache County,AZ,26.52,73.48,40.53,0.00,0.00,0.00,2005-11-22,2005-11-28,1
20051115,04001,Apache County,AZ,26.52,73.48,40.53,0.00,0.00,0.00,2005-11-15,2005-11-21,1
20051108,04001,Apache County,AZ,26.52,73.48,40.53,0.00,0.00,0.00,2005-11-08,2005-11-14,1
20051101,04001,Apache County,AZ,26.52,73.48,40.53,0.00,0.00,0.00,2005-11-01,2005-11-07,1
20051025,04001,Apache County,AZ,26.52,73.48,40.53,0.00,0.00,0.00,2005-10-25,2005-10-31,1
20051018,04001,Apache County,AZ,26.52,73.48,40.53,0.00,0.00,0.00,2005-10-18,2005-10-24,1
20051011,04001,Apache County,AZ,26.52,73.48,40.23,0.00,0.00,0.00,2005-10-11,2005-10-17,1
20051004,04001,Apache County,AZ,23.34,76.66,40.23,0.00,0.00,0.00,2005-10-04,2005-10-10,1
20050927,04001,Apache County,AZ,23.09,76.91,40.23,0.00,0.00,0.00,2005-09-27,2005-10-03,1
20050920,04001,Apache County,AZ,23.14,76.86,40.23,0.00,0.00,0.00,2005-09-20,2005-09-26,1
20050913,04001,Apache County,AZ,21.91,78.09,40.23,0.00,0.00,0.00,2005-09-13,2005-09-19,1
20050906,04001,Apache County,AZ,21.91,78.09,40.23,0.00,0.00,0.00,2005-09-06,2005-09-12,1
20050830,04001,Apache County,AZ,22.13,77.87,40.23,0.00,0.00,0.00,2005-08-30,2005-09-05,1
20050823,04001,Apache County,AZ,22.27,77.73,40.23,0.00,0.00,0.00,2005-08-23,2005-08-29,1
20050816,04001,Apache County,AZ,0.21,99.79,51.37,0.00,0.00,0.00,2005-08-16,2005-08-22,1
20050809,04001,Apache County,AZ,0.00,100.00,62.99,0.00,0.00,0.00,2005-08-09,2005-08-15,1
20050802,04001,Apache County,AZ,0.08,99.92,64.34,0.00,0.00,0.00,2005-08-02,2005-08-08,1
20050726,04001,Apache County,AZ,0.00,100.00,64.34,0.00,0.00,0.00,2005-07-26,2005-08-01,1
20050719,04001,Apache County,AZ,0.00,100.00,62.81,0.00,0.00,0.00,2005-07-19,2005-07-25,1
20050712,04001,Apache County,AZ,0.00,100.00,62.81,0.00,0.00,0.00,2005-07-12,2005-07-18,1
20050705,04001,Apache County,AZ,0.00,100.00,62.81,0.00,0.00,0.00,2005-07-05,2005-07-11,1
20050628,04001,Apache County,AZ,0.00,100.00,62.81,0.00,0.00,0.00,2005-06-28,2005-07-04,1
20050621,04001,Apache County,AZ,0.05,99.95,62.81,0.00,0.00,0.00,2005-06-21,2005-06-27,1
20050614,04001,Apache County,AZ,0.31,99.69,62.81,0.00,0.00,0.00,2005-06-14,2005-06-20,1
20050607,04001,Apache County,AZ,0.31,99.69,62.81,0.00,0.00,0.00,2005-06-07,2005-06-13,1
20050531,04001,Apache County,AZ,0.31,99.69,62.81,0.00,0.00,0.00,2005-05-31,2005-06-06,1
20050524,04001,Apache County,AZ,0.31,99.69,62.81,0.00,0.00,0.00,2005-05-24,2005-05-30,1
20050517,04001,Apache County,AZ,0.31,99.69,62.81,0.00,0.00,0.00,2005-05-17,2005-05-23,1
20050510,04001,Apache County,AZ,0.15,99.85,62.81,28.60,0.00,0.00,2005-05-10,2005-05-16,1
20050503,04001,Apache County,AZ,0.29,99.71,63.33,28.60,0.00,0.00,2005-05-03,2005-05-09,1
20050426,04001,Apache County,AZ,0.08,99.92,63.33,28.60,0.00,0.00,2005-04-26,2005-05-02,1
20050419,04001,Apache County,AZ,0.08,99.92,88.02,28.60,0.00,0.00,2005-04-19,2005-04-25,1
20050412,04001,Apache County,AZ,0.08,99.92,88.36,28.60,0.00,0.00,2005-04-12,2005-04-18,1
20050405,04001,Apache County,AZ,0.00,100.00,97.60,54.44,0.00,0.00,2005-04-05,2005-04-11,1
20050329,04001,Apache County,AZ,0.00,100.00,100.00,56.84,0.00,0.00,2005-03-29,2005-04-04,1
20050322,04001,Apache County,AZ,0.00,100.00,100.00,56.89,0.00,0.00,2005-03-22,2005-03-28,1
20050315,04001,Apache County,AZ,0.00,100.00,100.00,56.89,0.00,0.00,2005-03-15,2005-03-21,1
20050308,04001,Apache County,AZ,0.00,100.00,100.00,56.89,0.00,0.00,2005-03-08,2005-03-14,1
20050301,04001,Apache County,AZ,0.00,100.00,100.00,56.89,0.00,0.00,2005-03-01,2005-03-07,1
20050222,04001,Apache County,AZ,0.00,100.00,100.00,73.62,27.97,0.00,2005-02-22,2005-02-28,1
20050215,04001,Apache County,AZ,0.00,100.00,100.00,89.44,27.97,0.00,2005-02-15,2005-02-21,1
20050208,04001,Apache County,AZ,0.00,100.00,100.00,97.50,58.99,0.00,2005-02-08,2005-02-14,1
20050201,04001,Apache County,AZ,0.00,100.00,100.00,100.00,60.34,0.00,2005-02-01,2005-02-07,1
20050125,04001,Apache County,AZ,0.00,100.00,100.00,100.00,60.34,0.00,2005-01-25,2005-01-31,1
20050118,04001,Apache County,AZ,0.00,100.00,100.00,100.00,60.34,0.00,2005-01-18,2005-01-24,1
20050111,04001,Apache County,AZ,0.00,100.00,100.00,100.00,77.40,0.00,2005-01-11,2005-01-17,1
20050104,04001,Apache County,AZ,0.00,100.00,100.00,100.00,83.63,0.00,2005-01-04,2005-01-10,1
20041228,04001,Apache County,AZ,0.00,100.00,100.00,100.00,83.60,0.00,2004-12-28,2005-01-03,1
20041221,04001,Apache County,AZ,0.00,100.00,100.00,100.00,83.60,0.00,2004-12-21,2004-12-27,1
20041214,04001,Apache County,AZ,0.00,100.00,100.00,100.00,83.60,0.00,2004-12-14,2004-12-20,1
20041207,04001,Apache County,AZ,0.00,100.00,100.00,100.00,83.60,0.00,2004-12-07,2004-12-13,1
20041130,04001,Apache County,AZ,0.00,100.00,100.00,100.00,83.60,0.00,2004-11-30,2004-12-06,1
20041123,04001,Apache County,AZ,0.00,100.00,100.00,100.00,83.69,0.00,2004-11-23,2004-11-29,1
20041116,04001,Apache County,AZ,0.00,100.00,100.00,100.00,83.69,0.00,2004-11-16,2004-11-22,1
20041109,04001,Apache County,AZ,0.00,100.00,100.00,100.00,83.69,0.00,2004-11-09,2004-11-15,1
20041102,04001,Apache County,AZ,0.00,100.00,100.00,100.00,83.95,0.00,2004-11-02,2004-11-08,1
20041026,04001,Apache County,AZ,0.00,100.00,100.00,100.00,83.95,0.00,2004-10-26,2004-11-01,1
20041019,04001,Apache County,AZ,0.00,100.00,100.00,100.00,83.95,0.00,2004-10-19,2004-10-25,1
20041012,04001,Apache County,AZ,0.00,100.00,100.00,100.00,83.95,0.00,2004-10-12,2004-10-18,1
20041005,04001,Apache County,AZ,0.00,100.00,100.00,100.00,97.82,0.00,2004-10-05,2004-10-11,1
20040928,04001,Apache County,AZ,0.00,100.00,100.00,100.00,97.82,0.00,2004-09-28,2004-10-04,1
20040921,04001,Apache County,AZ,0.00,100.00,100.00,100.00,97.82,0.00,2004-09-21,2004-09-27,1
20040914,04001,Apache County,AZ,0.00,100.00,100.00,100.00,97.82,0.00,2004-09-14,2004-09-20,1
20040907,04001,Apache County,AZ,0.00,100.00,100.00,100.00,97.82,0.00,2004-09-07,2004-09-13,1
20040831,04001,Apache County,AZ,0.00,100.00,100.00,100.00,100.00,0.00,2004-08-31,2004-09-06,1
20040824,04001,Apache County,AZ,0.00,100.00,100.00,100.00,100.00,0.00,2004-08-24,2004-08-30,1
20040817,04001,Apache County,AZ,0.00,100.00,100.00,100.00,100.00,0.00,2004-08-17,2004-08-23,1
20040810,04001,Apache County,AZ,0.00,100.00,100.00,100.00,98.39,0.00,2004-08-10,2004-08-16,1
20040803,04001,Apache County,AZ,0.00,100.00,100.00,100.00,98.39,0.00,2004-08-03,2004-08-09,1
20040727,04001,Apache County,AZ,0.00,100.00,100.00,100.00,98.39,0.00,2004-07-27,2004-08-02,1
20040720,04001,Apache County,AZ,0.00,100.00,100.00,100.00,98.18,0.00,2004-07-20,2004-07-26,1
20040713,04001,Apache County,AZ,0.00,100.00,100.00,100.00,98.18,0.00,2004-07-13,2004-07-19,1
20040706,04001,Apache County,AZ,0.00,100.00,100.00,100.00,89.49,0.00,2004-07-06,2004-07-12,1
20040629,04001,Apache County,AZ,0.00,100.00,100.00,100.00,89.49,0.00,2004-06-29,2004-07-05,1
20040622,04001,Apache County,AZ,0.00,100.00,100.00,100.00,89.49,0.00,2004-06-22,2004-06-28,1
20040615,04001,Apache County,AZ,0.00,100.00,100.00,100.00,89.49,0.00,2004-06-15,2004-06-21,1
20040608,04001,Apache County,AZ,0.00,100.00,100.00,100.00,89.49,0.00,2004-06-08,2004-06-14,1
20040601,04001,Apache County,AZ,0.00,100.00,100.00,100.00,89.55,0.00,2004-06-01,2004-06-07,1
20040525,04001,Apache County,AZ,0.00,100.00,100.00,100.00,89.55,0.00,2004-05-25,2004-05-31,1
20040518,04001,Apache County,AZ,0.00,100.00,100.00,100.00,89.55,0.00,2004-05-18,2004-05-24,1
20040511,04001,Apache County,AZ,0.00,100.00,100.00,100.00,89.55,0.00,2004-05-11,2004-05-17,1
20040504,04001,Apache County,AZ,0.00,100.00,100.00,100.00,89.55,0.00,2004-05-04,2004-05-10,1
20040427,04001,Apache County,AZ,0.00,100.00,100.00,100.00,89.55,0.00,2004-04-27,2004-05-03,1
20040420,04001,Apache County,AZ,0.00,100.00,100.00,100.00,89.55,0.00,2004-04-20,2004-04-26,1
20040413,04001,Apache County,AZ,0.00,100.00,100.00,100.00,89.55,0.00,2004-04-13,2004-04-19,1
20040406,04001,Apache County,AZ,0.00,100.00,100.00,100.00,78.58,0.00,2004-04-06,2004-04-12,1
20040330,04001,Apache County,AZ,0.00,100.00,100.00,100.00,94.52,0.00,2004-03-30,2004-04-05,1
20040323,04001,Apache County,AZ,0.00,100.00,100.00,100.00,86.17,0.00,2004-03-23,2004-03-29,1
20040316,04001,Apache County,AZ,0.00,100.00,100.00,100.00,84.05,0.00,2004-03-16,2004-03-22,1
20040309,04001,Apache County,AZ,0.00,100.00,100.00,100.00,84.05,0.00,2004-03-09,2004-03-15,1
20040302,04001,Apache County,AZ,0.00,100.00,100.00,100.00,93.50,0.00,2004-03-02,2004-03-08,1
20040224,04001,Apache County,AZ,0.00,100.00,100.00,100.00,93.50,0.00,2004-02-24,2004-03-01,1
20040217,04001,Apache County,AZ,0.00,100.00,100.00,100.00,93.50,0.00,2004-02-17,2004-02-23,1
20040210,04001,Apache County,AZ,0.00,100.00,100.00,100.00,93.80,0.00,2004-02-10,2004-02-16,1
20040203,04001,Apache County,AZ,0.00,100.00,100.00,100.00,93.80,0.00,2004-02-03,2004-02-09,1
20040127,04001,Apache County,AZ,0.00,100.00,100.00,100.00,94.44,0.00,2004-01-27,2004-02-02,1
20040120,04001,Apache County,AZ,0.00,100.00,100.00,100.00,94.44,0.00,2004-01-20,2004-01-26,1
20040113,04001,Apache County,AZ,0.00,100.00,100.00,100.00,82.16,0.00,2004-01-13,2004-01-19,1
20040106,04001,Apache County,AZ,0.00,100.00,100.00,100.00,83.82,0.00,2004-01-06,2004-01-12,1
20031230,04001,Apache County,AZ,0.00,100.00,100.00,100.00,84.44,0.00,2003-12-30,2004-01-05,1
20031223,04001,Apache County,AZ,0.00,100.00,100.00,100.00,56.93,0.00,2003-12-23,2003-12-29,1
20031216,04001,Apache County,AZ,0.00,100.00,100.00,98.43,55.65,0.17,2003-12-16,2003-12-22,1
20031209,04001,Apache County,AZ,0.00,100.00,100.00,98.09,55.46,0.31,2003-12-09,2003-12-15,1
20031202,04001,Apache County,AZ,0.00,100.00,100.00,98.15,54.54,0.00,2003-12-02,2003-12-08,1
20031125,04001,Apache County,AZ,0.00,100.00,100.00,98.96,58.00,0.00,2003-11-25,2003-12-01,1
20031118,04001,Apache County,AZ,0.00,100.00,100.00,98.84,55.12,0.00,2003-11-18,2003-11-24,1
20031111,04001,Apache County,AZ,0.00,100.00,100.00,100.00,58.51,0.00,2003-11-11,2003-11-17,1
20031104,04001,Apache County,AZ,0.00,100.00,100.00,100.00,56.92,0.00,2003-11-04,2003-11-10,1
20031028,04001,Apache County,AZ,0.00,100.00,100.00,100.00,57.50,0.00,2003-10-28,2003-11-03,1
20031021,04001,Apache County,AZ,0.00,100.00,100.00,100.00,15.49,0.00,2003-10-21,2003-10-27,1
20031014,04001,Apache County,AZ,0.00,100.00,100.00,100.00,16.06,0.00,2003-10-14,2003-10-20,1
20031007,04001,Apache County,AZ,0.00,100.00,100.00,100.00,2.97,0.00,2003-10-07,2003-10-13,1
20030930,04001,Apache County,AZ,0.00,100.00,100.00,100.00,11.79,0.00,2003-09-30,2003-10-06,1
20030923,04001,Apache County,AZ,0.00,100.00,100.00,100.00,12.52,0.00,2003-09-23,2003-09-29,1
20030916,04001,Apache County,AZ,0.00,100.00,100.00,100.00,11.42,0.00,2003-09-16,2003-09-22,1
20030909,04001,Apache County,AZ,0.00,100.00,100.00,100.00,50.90,10.02,2003-09-09,2003-09-15,1
20030902,04001,Apache County,AZ,0.00,100.00,100.00,80.61,49.55,8.40,2003-09-02,2003-09-08,1
20030826,04001,Apache County,AZ,0.00,100.00,100.00,84.55,50.05,10.43,2003-08-26,2003-09-01,1
20030819,04001,Apache County,AZ,0.00,100.00,100.00,84.06,49.01,10.16,2003-08-19,2003-08-25,1
20030812,04001,Apache County,AZ,0.00,100.00,100.00,77.76,53.49,13.24,2003-08-12,2003-08-18,1
20030805,04001,Apache County,AZ,0.00,100.00,100.00,78.94,52.28,14.90,2003-08-05,2003-08-11,1
20030729,04001,Apache County,AZ,0.00,100.00,100.00,100.00,66.60,13.78,2003-07-29,2003-08-04,1
20030722,04001,Apache County,AZ,0.00,100.00,100.00,100.00,81.03,20.01,2003-07-22,2003-07-28,1
20030715,04001,Apache County,AZ,0.00,100.00,100.00,98.68,72.32,19.16,2003-07-15,2003-07-21,1
20030708,04001,Apache County,AZ,0.00,100.00,100.00,88.70,43.40,18.95,2003-07-08,2003-07-14,1
20030701,04001,Apache County,AZ,0.00,100.00,100.00,89.48,41.48,17.29,2003-07-01,2003-07-07,1
20030624,04001,Apache County,AZ,0.00,100.00,100.00,77.79,42.79,18.74,2003-06-24,2003-06-30,1
20030617,04001,Apache County,AZ,0.00,100.00,100.00,76.00,42.32,18.24,2003-06-17,2003-06-23,1
20030610,04001,Apache County,AZ,0.00,100.00,100.00,77.56,43.40,18.06,2003-06-10,2003-06-16,1
20030603,04001,Apache County,AZ,0.00,100.00,100.00,75.19,44.22,0.00,2003-06-03,2003-06-09,1
20030527,04001,Apache County,AZ,0.00,100.00,100.00,77.74,44.60,0.00,2003-05-27,2003-06-02,1
20030520,04001,Apache County,AZ,0.00,100.00,100.00,78.68,44.39,0.00,2003-05-20,2003-05-26,1
20030513,04001,Apache County,AZ,0.00,100.00,100.00,60.89,42.97,0.00,2003-05-13,2003-05-19,1
20030506,04001,Apache County,AZ,0.00,100.00,100.00,60.77,22.33,0.00,2003-05-06,2003-05-12,1
20030429,04001,Apache County,AZ,0.00,100.00,100.00,60.55,21.18,0.00,2003-04-29,2003-05-05,1
20030422,04001,Apache County,AZ,0.00,100.00,100.00,61.04,21.67,0.00,2003-04-22,2003-04-28,1
20030415,04001,Apache County,AZ,0.00,100.00,100.00,58.03,21.31,0.00,2003-04-15,2003-04-21,1
20030408,04001,Apache County,AZ,0.00,100.00,100.00,60.13,23.15,0.00,2003-04-08,2003-04-14,1
20030401,04001,Apache County,AZ,0.00,100.00,100.00,61.34,24.58,0.00,2003-04-01,2003-04-07,1
20030325,04001,Apache County,AZ,0.00,100.00,100.00,61.10,23.48,0.00,2003-03-25,2003-03-31,1
20030318,04001,Apache County,AZ,0.00,100.00,100.00,60.68,23.28,0.00,2003-03-18,2003-03-24,1
20030311,04001,Apache County,AZ,0.00,100.00,100.00,61.06,23.56,0.00,2003-03-11,2003-03-17,1
20030304,04001,Apache County,AZ,0.00,100.00,100.00,60.81,27.05,0.00,2003-03-04,2003-03-10,1
20030225,04001,Apache County,AZ,0.00,100.00,100.00,72.74,31.29,2.48,2003-02-25,2003-03-03,1
20030218,04001,Apache County,AZ,0.00,100.00,100.00,76.20,32.57,2.33,2003-02-18,2003-02-24,1
20030211,04001,Apache County,AZ,0.00,100.00,100.00,98.32,40.22,13.10,2003-02-11,2003-02-17,1
20030204,04001,Apache County,AZ,0.00,100.00,100.00,92.52,40.23,12.04,2003-02-04,2003-02-10,1
20030128,04001,Apache County,AZ,0.00,100.00,100.00,93.61,39.85,13.16,2003-01-28,2003-02-03,1
20030121,04001,Apache County,AZ,0.00,100.00,100.00,95.92,42.11,11.64,2003-01-21,2003-01-27,1
20030114,04001,Apache County,AZ,0.00,100.00,100.00,95.89,42.86,12.02,2003-01-14,2003-01-20,1
20030107,04001,Apache County,AZ,0.00,100.00,100.00,77.86,43.28,12.40,2003-01-07,2003-01-13,1
20021231,04001,Apache County,AZ,0.00,100.00,100.00,80.61,43.35,14.28,2002-12-31,2003-01-06,1
20021224,04001,Apache County,AZ,0.00,100.00,100.00,89.61,42.69,12.67,2002-12-24,2002-12-30,1
20021217,04001,Apache County,AZ,0.00,100.00,100.00,90.40,44.69,12.67,2002-12-17,2002-12-23,1
20021210,04001,Apache County,AZ,0.00,100.00,100.00,88.91,41.76,12.26,2002-12-10,2002-12-16,1
20021203,04001,Apache County,AZ,0.00,100.00,100.00,90.35,36.75,10.85,2002-12-03,2002-12-09,1
20021126,04001,Apache County,AZ,0.00,100.00,100.00,89.59,37.41,10.94,2002-11-26,2002-12-02,1
20021119,04001,Apache County,AZ,0.00,100.00,100.00,90.89,37.74,12.89,2002-11-19,2002-11-25,1
20021112,04001,Apache County,AZ,0.00,100.00,100.00,91.59,37.58,11.37,2002-11-12,2002-11-18,1
20021105,04001,Apache County,AZ,0.00,100.00,100.00,98.94,52.77,19.86,2002-11-05,2002-11-11,1
20021029,04001,Apache County,AZ,0.00,100.00,100.00,96.45,54.54,19.94,2002-10-29,2002-11-04,1
20021022,04001,Apache County,AZ,0.00,100.00,100.00,99.96,56.56,18.65,2002-10-22,2002-10-28,1
20021015,04001,Apache County,AZ,0.00,100.00,100.00,99.70,55.21,18.13,2002-10-15,2002-10-21,1
20021008,04001,Apache County,AZ,0.00,100.00,100.00,99.66,55.74,18.68,2002-10-08,2002-10-14,1
20021001,04001,Apache County,AZ,0.00,100.00,100.00,99.61,53.74,27.24,2002-10-01,2002-10-07,1
20020924,04001,Apache County,AZ,0.00,100.00,100.00,98.66,56.67,13.97,2002-09-24,2002-09-30,1
20020917,04001,Apache County,AZ,0.00,100.00,100.00,100.00,59.40,19.71,2002-09-17,2002-09-23,1
20020910,04001,Apache County,AZ,0.00,100.00,100.00,100.00,76.07,22.30,2002-09-10,2002-09-16,1
20020903,04001,Apache County,AZ,0.00,100.00,100.00,100.00,81.93,40.58,2002-09-03,2002-09-09,1
20020827,04001,Apache County,AZ,0.00,100.00,100.00,100.00,81.85,40.45,2002-08-27,2002-09-02,1
20020820,04001,Apache County,AZ,0.00,100.00,100.00,100.00,82.60,40.53,2002-08-20,2002-08-26,1
20020813,04001,Apache County,AZ,0.00,100.00,100.00,100.00,82.35,41.43,2002-08-13,2002-08-19,1
20020806,04001,Apache County,AZ,0.00,100.00,100.00,100.00,80.55,40.36,2002-08-06,2002-08-12,1
20020730,04001,Apache County,AZ,0.00,100.00,100.00,100.00,84.96,59.35,2002-07-30,2002-08-05,1
20020723,04001,Apache County,AZ,0.00,100.00,100.00,100.00,100.00,79.09,2002-07-23,2002-07-29,1
20020716,04001,Apache County,AZ,0.00,100.00,100.00,100.00,100.00,79.05,2002-07-16,2002-07-22,1
20020709,04001,Apache County,AZ,0.00,100.00,100.00,100.00,100.00,78.04,2002-07-09,2002-07-15,1
20020702,04001,Apache County,AZ,0.00,100.00,100.00,100.00,100.00,78.25,2002-07-02,2002-07-08,1
20020625,04001,Apache County,AZ,0.00,100.00,100.00,100.00,100.00,72.27,2002-06-25,2002-07-01,1
20020618,04001,Apache County,AZ,0.00,100.00,100.00,100.00,100.00,45.29,2002-06-18,2002-06-24,1
20020611,04001,Apache County,AZ,0.00,100.00,100.00,100.00,100.00,41.21,2002-06-11,2002-06-17,1
20020604,04001,Apache County,AZ,0.00,100.00,100.00,100.00,100.00,42.68,2002-06-04,2002-06-10,1
20020528,04001,Apache County,AZ,0.00,100.00,100.00,100.00,100.00,41.42,2002-05-28,2002-06-03,1
20020521,04001,Apache County,AZ,0.00,100.00,100.00,100.00,100.00,0.00,2002-05-21,2002-05-27,1
20020514,04001,Apache County,AZ,0.00,100.00,100.00,100.00,100.00,0.00,2002-05-14,2002-05-20,1
20020507,04001,Apache County,AZ,0.00,100.00,100.00,100.00,60.51,0.00,2002-05-07,2002-05-13,1
20020430,04001,Apache County,AZ,0.00,100.00,100.00,100.00,58.83,0.00,2002-04-30,2002-05-06,1
20020423,04001,Apache County,AZ,0.00,100.00,100.00,100.00,48.29,0.00,2002-04-23,2002-04-29,1
20020416,04001,Apache County,AZ,0.00,100.00,100.00,99.76,0.00,0.00,2002-04-16,2002-04-22,1
20020409,04001,Apache County,AZ,0.00,100.00,100.00,91.29,0.00,0.00,2002-04-09,2002-04-15,1
20020402,04001,Apache County,AZ,0.00,100.00,100.00,89.10,0.00,0.00,2002-04-02,2002-04-08,1
20020326,04001,Apache County,AZ,0.00,100.00,100.00,74.81,0.00,0.00,2002-03-26,2002-04-01,1
20020319,04001,Apache County,AZ,0.00,100.00,100.00,2.22,0.00,0.00,2002-03-19,2002-03-25,1
20020312,04001,Apache County,AZ,0.00,100.00,100.00,0.00,0.00,0.00,2002-03-12,2002-03-18,1
20020305,04001,Apache County,AZ,0.00,100.00,53.89,0.00,0.00,0.00,2002-03-05,2002-03-11,1
20020226,04001,Apache County,AZ,0.00,100.00,54.59,0.00,0.00,0.00,2002-02-26,2002-03-04,1
20020219,04001,Apache County,AZ,0.00,100.00,54.89,0.00,0.00,0.00,2002-02-19,2002-02-25,1
20020212,04001,Apache County,AZ,0.00,100.00,54.68,0.00,0.00,0.00,2002-02-12,2002-02-18,1
20020205,04001,Apache County,AZ,12.80,87.20,4.96,0.00,0.00,0.00,2002-02-05,2002-02-11,1
20020129,04001,Apache County,AZ,30.57,69.43,0.00,0.00,0.00,0.00,2002-01-29,2002-02-04,1
20020122,04001,Apache County,AZ,29.66,70.34,0.00,0.00,0.00,0.00,2002-01-22,2002-01-28,1
20020115,04001,Apache County,AZ,35.98,64.02,0.00,0.00,0.00,0.00,2002-01-15,2002-01-21,1
20020108,04001,Apache County,AZ,100.00,0.00,0.00,0.00,0.00,0.00,2002-01-08,2002-01-14,1
20020101,04001,Apache County,AZ,100.00,0.00,0.00,0.00,0.00,0.00,2002-01-01,2002-01-07,1
20011225,04001,Apache County,AZ,100.00,0.00,0.00,0.00,0.00,0.00,2001-12-25,2001-12-31,1
20011218,04001,Apache County,AZ,100.00,0.00,0.00,0.00,0.00,0.00,2001-12-18,2001-12-24,1
20011211,04001,Apache County,AZ,100.00,0.00,0.00,0.00,0.00,0.00,2001-12-11,2001-12-17,1
20011204,04001,Apache County,AZ,100.00,0.00,0.00,0.00,0.00,0.00,2001-12-04,2001-12-10,1
20011127,04001,Apache County,AZ,100.00,0.00,0.00,0.00,0.00,0.00,2001-11-27,2001-12-03,1
20011120,04001,Apache County,AZ,100.00,0.00,0.00,0.00,0.00,0.00,2001-11-20,2001-11-26,1
20011113,04001,Apache County,AZ,100.00,0.00,0.00,0.00,0.00,0.00,2001-11-13,2001-11-19,1
20011106,04001,Apache County,AZ,100.00,0.00,0.00,0.00,0.00,0.00,2001-11-06,2001-11-12,1
20011030,04001,Apache County,AZ,100.00,0.00,0.00,0.00,0.00,0.00,2001-10-30,2001-11-05,1
20011023,04001,Apache County,AZ,100.00,0.00,0.00,0.00,0.00,0.00,2001-10-23,2001-10-29,1
20011016,04001,Apache County,AZ,100.00,0.00,0.00,0.00,0.00,0.00,2001-10-16,2001-10-22,1
20011009,04001,Apache County,AZ,100.00,0.00,0.00,0.00,0.00,0.00,2001-10-09,2001-10-15,1
20011002,04001,Apache County,AZ,100.00,0.00,0.00,0.00,0.00,0.00,2001-10-02,2001-10-08,1
20010925,04001,Apache County,AZ,100.00,0.00,0.00,0.00,0.00,0.00,2001-09-25,2001-10-01,1
20010918,04001,Apache County,AZ,100.00,0.00,0.00,0.00,0.00,0.00,2001-09-18,2001-09-24,1
20010911,04001,Apache County,AZ,100.00,0.00,0.00,0.00,0.00,0.00,2001-09-11,2001-09-17,1
20010904,04001,Apache County,AZ,100.00,0.00,0.00,0.00,0.00,0.00,2001-09-04,2001-09-10,1
20010828,04001,Apache County,AZ,100.00,0.00,0.00,0.00,0.00,0.00,2001-08-28,2001-09-03,1
20010821,04001,Apache County,AZ,100.00,0.00,0.00,0.00,0.00,0.00,2001-08-21,2001-08-27,1
20010814,04001,Apache County,AZ,100.00,0.00,0.00,0.00,0.00,0.00,2001-08-14,2001-08-20,1
20010807,04001,Apache County,AZ,100.00,0.00,0.00,0.00,0.00,0.00,2001-08-07,2001-08-13,1
20010731,04001,Apache County,AZ,100.00,0.00,0.00,0.00,0.00,0.00,2001-07-31,2001-08-06,1
20010724,04001,Apache County,AZ,100.00,0.00,0.00,0.00,0.00,0.00,2001-07-24,2001-07-30,1
20010717,04001,Apache County,AZ,100.00,0.00,0.00,0.00,0.00,0.00,2001-07-17,2001-07-23,1
20010710,04001,Apache County,AZ,100.00,0.00,0.00,0.00,0.00,0.00,2001-07-10,2001-07-16,1
20010703,04001,Apache County,AZ,71.03,28.97,0.00,0.00,0.00,0.00,2001-07-03,2001-07-09,1
20010626,04001,Apache County,AZ,70.85,29.15,0.00,0.00,0.00,0.00,2001-06-26,2001-07-02,1
20010619,04001,Apache County,AZ,70.85,29.15,0.00,0.00,0.00,0.00,2001-06-19,2001-06-25,1
20010612,04001,Apache County,AZ,100.00,0.00,0.00,0.00,0.00,0.00,2001-06-12,2001-06-18,1
20010605,04001,Apache County,AZ,100.00,0.00,0.00,0.00,0.00,0.00,2001-06-05,2001-06-11,1
20010529,04001,Apache County,AZ,100.00,0.00,0.00,0.00,0.00,0.00,2001-05-29,2001-06-04,1
20010522,04001,Apache County,AZ,100.00,0.00,0.00,0.00,0.00,0.00,2001-05-22,2001-05-28,1
20010515,04001,Apache County,AZ,100.00,0.00,0.00,0.00,0.00,0.00,2001-05-15,2001-05-21,1
20010508,04001,Apache County,AZ,100.00,0.00,0.00,0.00,0.00,0.00,2001-05-08,2001-05-14,1
20010501,04001,Apache County,AZ,100.00,0.00,0.00,0.00,0.00,0.00,2001-05-01,2001-05-07,1
20010424,04001,Apache County,AZ,100.00,0.00,0.00,0.00,0.00,0.00,2001-04-24,2001-04-30,1
20010417,04001,Apache County,AZ,100.00,0.00,0.00,0.00,0.00,0.00,2001-04-17,2001-04-23,1
20010410,04001,Apache County,AZ,100.00,0.00,0.00,0.00,0.00,0.00,2001-04-10,2001-04-16,1
20010403,04001,Apache County,AZ,100.00,0.00,0.00,0.00,0.00,0.00,2001-04-03,2001-04-09,1
20010327,04001,Apache County,AZ,100.00,0.00,0.00,0.00,0.00,0.00,2001-03-27,2001-04-02,1
20010320,04001,Apache County,AZ,100.00,0.00,0.00,0.00,0.00,0.00,2001-03-20,2001-03-26,1
20010313,04001,Apache County,AZ,100.00,0.00,0.00,0.00,0.00,0.00,2001-03-13,2001-03-19,1
20010306,04001,Apache County,AZ,100.00,0.00,0.00,0.00,0.00,0.00,2001-03-06,2001-03-12,1
20010227,04001,Apache County,AZ,100.00,0.00,0.00,0.00,0.00,0.00,2001-02-27,2001-03-05,1
20010220,04001,Apache County,AZ,100.00,0.00,0.00,0.00,0.00,0.00,2001-02-20,2001-02-26,1
20010213,04001,Apache County,AZ,100.00,0.00,0.00,0.00,0.00,0.00,2001-02-13,2001-02-19,1
20010206,04001,Apache County,AZ,100.00,0.00,0.00,0.00,0.00,0.00,2001-02-06,2001-02-12,1
20010130,04001,Apache County,AZ,100.00,0.00,0.00,0.00,0.00,0.00,2001-01-30,2001-02-05,1
20010123,04001,Apache County,AZ,100.00,0.00,0.00,0.00,0.00,0.00,2001-01-23,2001-01-29,1
20010116,04001,Apache County,AZ,100.00,0.00,0.00,0.00,0.00,0.00,2001-01-16,2001-01-22,1
20010109,04001,Apache County,AZ,100.00,0.00,0.00,0.00,0.00,0.00,2001-01-09,2001-01-15,1
20010102,04001,Apache County,AZ,100.00,0.00,0.00,0.00,0.00,0.00,2001-01-02,2001-01-08,1
20001226,04001,Apache County,AZ,100.00,0.00,0.00,0.00,0.00,0.00,2000-12-26,2001-01-01,1
20001219,04001,Apache County,AZ,100.00,0.00,0.00,0.00,0.00,0.00,2000-12-19,2000-12-25,1
20001212,04001,Apache County,AZ,100.00,0.00,0.00,0.00,0.00,0.00,2000-12-12,2000-12-18,1
20001205,04001,Apache County,AZ,100.00,0.00,0.00,0.00,0.00,0.00,2000-12-05,2000-12-11,1
20001128,04001,Apache County,AZ,100.00,0.00,0.00,0.00,0.00,0.00,2000-11-28,2000-12-04,1
20001121,04001,Apache County,AZ,100.00,0.00,0.00,0.00,0.00,0.00,2000-11-21,2000-11-27,1
20001114,04001,Apache County,AZ,100.00,0.00,0.00,0.00,0.00,0.00,2000-11-14,2000-11-20,1
20001107,04001,Apache County,AZ,100.00,0.00,0.00,0.00,0.00,0.00,2000-11-07,2000-11-13,1
20001031,04001,Apache County,AZ,60.25,39.75,0.00,0.00,0.00,0.00,2000-10-31,2000-11-06,1
20001024,04001,Apache County,AZ,49.87,50.13,38.79,0.00,0.00,0.00,2000-10-24,2000-10-30,1
20001017,04001,Apache County,AZ,36.19,63.81,36.44,0.00,0.00,0.00,2000-10-17,2000-10-23,1
20001010,04001,Apache County,AZ,0.00,100.00,97.95,4.49,0.00,0.00,2000-10-10,2000-10-16,1
20001003,04001,Apache County,AZ,0.00,100.00,98.60,0.00,0.00,0.00,2000-10-03,2000-10-09,1
20000926,04001,Apache County,AZ,0.13,99.87,26.96,0.00,0.00,0.00,2000-09-26,2000-10-02,1
20000919,04001,Apache County,AZ,32.07,67.93,17.19,0.00,0.00,0.00,2000-09-19,2000-09-25,1
20000912,04001,Apache County,AZ,32.07,67.93,17.19,0.00,0.00,0.00,2000-09-12,2000-09-18,1
20000905,04001,Apache County,AZ,32.07,67.93,17.19,0.00,0.00,0.00,2000-09-05,2000-09-11,1
20000829,04001,Apache County,AZ,32.07,67.93,17.84,0.00,0.00,0.00,2000-08-29,2000-09-04,1
20000822,04001,Apache County,AZ,31.71,68.29,17.85,0.00,0.00,0.00,2000-08-22,2000-08-28,1
20000815,04001,Apache County,AZ,18.28,81.72,14.11,0.00,0.00,0.00,2000-08-15,2000-08-21,1
20000808,04001,Apache County,AZ,0.00,100.00,13.83,0.00,0.00,0.00,2000-08-08,2000-08-14,1
20000801,04001,Apache County,AZ,0.00,100.00,7.54,0.00,0.00,0.00,2000-08-01,2000-08-07,1
20000725,04001,Apache County,AZ,0.00,100.00,6.20,0.00,0.00,0.00,2000-07-25,2000-07-31,1
20000718,04001,Apache County,AZ,0.00,100.00,2.84,0.00,0.00,0.00,2000-07-18,2000-07-24,1
20000711,04001,Apache County,AZ,0.00,100.00,2.84,0.00,0.00,0.00,2000-07-11,2000-07-17,1
20000704,04001,Apache County,AZ,0.00,100.00,0.00,0.00,0.00,0.00,2000-07-04,2000-07-10,1
20000627,04001,Apache County,AZ,0.00,100.00,77.33,11.89,0.00,0.00,2000-06-27,2000-07-03,1
20000620,04001,Apache County,AZ,0.00,100.00,71.17,6.77,0.00,0.00,2000-06-20,2000-06-26,1
20000613,04001,Apache County,AZ,0.00,100.00,71.17,6.80,0.00,0.00,2000-06-13,2000-06-19,1
20000606,04001,Apache County,AZ,0.00,100.00,53.32,6.79,0.00,0.00,2000-06-06,2000-06-12,1
20000530,04001,Apache County,AZ,0.00,100.00,59.63,6.79,0.00,0.00,2000-05-30,2000-06-05,1
20000523,04001,Apache County,AZ,0.00,100.00,59.24,6.84,0.00,0.00,2000-05-23,2000-05-29,1
20000516,04001,Apache County,AZ,0.00,100.00,59.24,6.84,0.00,0.00,2000-05-16,2000-05-22,1
20000509,04001,Apache County,AZ,28.34,71.66,13.42,0.00,0.00,0.00,2000-05-09,2000-05-15,1
20000502,04001,Apache County,AZ,28.34,71.66,8.20,0.00,0.00,0.00,2000-05-02,2000-05-08,1
20000425,04001,Apache County,AZ,37.90,62.10,5.60,0.00,0.00,0.00,2000-04-25,2000-05-01,1
20000418,04001,Apache County,AZ,37.17,62.83,5.60,0.00,0.00,0.00,2000-04-18,2000-04-24,1
20000411,04001,Apache County,AZ,37.51,62.49,5.75,0.00,0.00,0.00,2000-04-11,2000-04-17,1
20000404,04001,Apache County,AZ,37.89,62.11,3.40,0.00,0.00,0.00,2000-04-04,2000-04-10,1
20000328,04001,Apache County,AZ,24.57,75.43,0.00,0.00,0.00,0.00,2000-03-28,2000-04-03,1
20000321,04001,Apache County,AZ,16.21,83.79,0.00,0.00,0.00,0.00,2000-03-21,2000-03-27,1
20000314,04001,Apache County,AZ,16.21,83.79,0.00,0.00,0.00,0.00,2000-03-14,2000-03-20,1
20000307,04001,Apache County,AZ,0.00,100.00,0.00,0.00,0.00,0.00,2000-03-07,2000-03-13,1
20000229,04001,Apache County,AZ,0.00,100.00,0.00,0.00,0.00,0.00,2000-02-29,2000-03-06,1
20000222,04001,Apache County,AZ,0.00,100.00,0.00,0.00,0.00,0.00,2000-02-22,2000-02-28,1
20000215,04001,Apache County,AZ,0.00,100.00,0.00,0.00,0.00,0.00,2000-02-15,2000-02-21,1
20000208,04001,Apache County,AZ,0.00,100.00,0.00,0.00,0.00,0.00,2000-02-08,2000-02-14,1
20000201,04001,Apache County,AZ,0.00,100.00,0.00,0.00,0.00,0.00,2000-02-01,2000-02-07,1
20000125,04001,Apache County,AZ,0.00,100.00,0.00,0.00,0.00,0.00,2000-01-25,2000-01-31,1
20000118,04001,Apache County,AZ,0.00,100.00,0.00,0.00,0.00,0.00,2000-01-18,2000-01-24,1
20000111,04001,Apache County,AZ,0.00,100.00,0.00,0.00,0.00,0.00,2000-01-11,2000-01-17,1
20000104,04001,Apache County,AZ,57.28,42.72,0.00,0.00,0.00,0.00,2000-01-04,2000-01-10,1
